Analógico 2	Analógico 1	Analógico 2
U2/V	U1/V	U2/V

0,08	0,23	0,08
0,08	0,23	0,08
0,08	0,23	0,08
0,08	0,24	0,08
0,08	0,24	0,08
0,08	0,23	0,08
0,08	0,24	0,08
0,08	0,24	0,08
0,08	0,24	0,08
0,08	0,23	0,08
0,08	0,23	0,08
0,08	0,24	0,08
0,08	0,23	0,08
0,08	0,24	0,08
0,08	0,24	0,08
0,08	0,23	0,08
0,08	0,23	0,08
0,08	0,24	0,08
0,08	0,24	0,08
0,08	0,23	0,08
0,08	0,24	0,08
0,08	0,23	0,08
0,08	0,23	0,08
0,08	0,23	0,08
0,08	0,24	0,08
0,08	0,24	0,08
0,08	0,23	0,08
0,08	0,24	0,08
0,08	0,23	0,08
0,08	0,23	0,08
0,08	0,23	0,08
0,08	0,24	0,08
0,08	0,24	0,08
0,08	0,23	0,08
0,08	0,24	0,08
0,08	0,24	0,08
0,11	0,24	0,11
0,11	0,24	0,11
0,14	0,24	0,14
0,17	0,24	0,17
0,20	0,23	0,20
0,23	0,24	0,23
0,26	0,24	0,26
0,29	0,24	0,29
0,33	0,23	0,33
0,36	0,23	0,36
0,41	0,23	0,41
0,47	0,23	0,47
0,51	0,24	0,51
0,56	0,24	0,56
0,62	0,24	0,62
0,66	0,23	0,66
0,71	0,24	0,71
0,75	0,24	0,75
0,80	0,23	0,80
0,84	0,24	0,84
0,90	0,24	0,90
0,95	0,24	0,95
1,01	0,23	1,01
1,05	0,24	1,05
1,11	0,24	1,11
1,16	0,24	1,16
1,20	0,24	1,20
1,26	0,24	1,26
1,31	0,24	1,31
1,35	0,24	1,35
1,41	0,24	1,41
1,46	0,23	1,46
1,50	0,24	1,50
1,55	0,24	1,55
1,61	0,24	1,61
1,65	0,24	1,65
1,70	0,24	1,70
1,76	0,24	1,76
1,80	0,26	1,80
1,85	0,24	1,85
1,90	0,26	1,90
1,96	0,24	1,96
1,99	0,24	1,99
2,05	0,26	2,05
2,09	0,26	2,09
2,14	0,26	2,14
2,18	0,26	2,18
2,24	0,26	2,24
2,27	0,26	2,27
2,32	0,26	2,32
2,36	0,26	2,36
2,42	0,26	2,42
2,45	0,26	2,45
2,51	0,26	2,51
2,56	0,26	2,56
2,60	0,26	2,60
2,65	0,26	2,65
2,69	0,26	2,69
2,74	0,27	2,74
2,78	0,26	2,78
2,84	0,26	2,84
2,87	0,26	2,87
2,92	0,26	2,92
2,96	0,26	2,96
3,01	0,26	3,01
3,07	0,26	3,07
3,10	0,27	3,10
3,14	0,26	3,14
3,19	0,26	3,19
3,23	0,26	3,23
3,28	0,26	3,28
3,32	0,26	3,32
3,37	0,26	3,37
3,41	0,27	3,41
3,46	0,26	3,46
3,50	0,26	3,50
3,53	0,26	3,53
3,59	0,26	3,59
3,64	0,27	3,64
3,69	0,27	3,69
3,72	0,26	3,72
3,76	0,26	3,76
3,81	0,27	3,81
3,85	0,27	3,85
3,90	0,27	3,90
3,93	0,26	3,93
3,97	0,27	3,97
4,00	0,27	4,00
4,06	0,26	4,06
4,11	0,27	4,11
4,14	0,26	4,14
4,18	0,29	4,18
4,23	0,27	4,23
4,26	0,27	4,26
4,32	0,27	4,32
4,35	0,27	4,35
4,38	0,27	4,38
4,42	0,27	4,42
4,47	0,27	4,47
4,51	0,27	4,51
4,56	0,27	4,56
4,60	0,27	4,60
4,63	0,27	4,63
4,68	0,29	4,68
4,72	0,27	4,72
4,75	0,29	4,75
4,80	0,29	4,80
4,84	0,29	4,84
4,89	0,29	4,89
4,92	0,27	4,92
4,96	0,29	4,96
4,99	0,29	4,99
5,04	0,27	5,04
5,07	0,29	5,07
5,11	0,29	5,11
5,16	0,29	5,16
5,19	0,29	5,19
5,23	0,29	5,23
5,26	0,29	5,26
5,31	0,29	5,31
5,35	0,29	5,35
5,38	0,29	5,38
5,43	0,29	5,43
5,47	0,29	5,47
5,51	0,29	5,51
5,54	0,29	5,54
5,58	0,30	5,58
5,63	0,29	5,63
5,66	0,29	5,66
5,69	0,30	5,69
5,73	0,30	5,73
5,78	0,30	5,78
5,81	0,30	5,81
5,85	0,29	5,85
5,88	0,30	5,88
5,93	0,30	5,93
5,96	0,30	5,96
5,99	0,30	5,99
6,03	0,30	6,03
6,06	0,30	6,06
6,09	0,32	6,09
6,14	0,32	6,14
6,17	0,32	6,17
6,21	0,32	6,21
6,26	0,32	6,26
6,29	0,32	6,29
6,32	0,32	6,32
6,36	0,32	6,36
6,39	0,32	6,39
6,42	0,33	6,42
6,47	0,33	6,47
6,50	0,33	6,50
6,54	0,35	6,54
6,57	0,35	6,57
6,60	0,35	6,60
6,65	0,35	6,65
6,68	0,35	6,68
6,71	0,35	6,71
6,75	0,35	6,75
6,78	0,36	6,78
6,83	0,36	6,83
6,86	0,38	6,86
6,89	0,38	6,89
6,92	0,38	6,92
6,95	0,39	6,95
6,99	0,39	6,99
7,02	0,39	7,02
7,05	0,39	7,05
7,10	0,39	7,10
7,13	0,39	7,13
7,16	0,39	7,16
7,19	0,41	7,19
7,23	0,41	7,23
7,26	0,41	7,26
7,29	0,41	7,29
7,32	0,41	7,32
7,37	0,39	7,37
7,40	0,41	7,40
7,43	0,41	7,43
7,48	0,41	7,48
7,51	0,39	7,51
7,52	0,41	7,52
7,57	0,41	7,57
7,61	0,39	7,61
7,63	0,41	7,63
7,67	0,41	7,67
7,69	0,41	7,69
7,73	0,41	7,73
7,76	0,41	7,76
7,79	0,41	7,79
7,82	0,41	7,82
7,87	0,41	7,87
7,88	0,41	7,88
7,91	0,41	7,91
7,96	0,39	7,96
7,97	0,41	7,97
8,02	0,41	8,02
8,05	0,41	8,05
8,09	0,39	8,09
8,11	0,41	8,11
8,14	0,41	8,14
8,17	0,42	8,17
8,20	0,41	8,20
8,24	0,41	8,24
8,26	0,41	8,26
8,29	0,41	8,29
8,33	0,41	8,33
8,36	0,39	8,36
8,38	0,39	8,38
8,42	0,39	8,42
8,45	0,41	8,45
8,48	0,41	8,48
8,51	0,39	8,51
8,54	0,41	8,54
8,57	0,41	8,57
8,60	0,41	8,60
8,63	0,41	8,63
8,68	0,41	8,68
8,69	0,39	8,69
8,72	0,41	8,72
8,75	0,41	8,75
8,78	0,41	8,78
8,81	0,41	8,81
8,84	0,42	8,84
8,87	0,41	8,87
8,90	0,41	8,90
8,93	0,41	8,93
8,96	0,41	8,96
8,99	0,41	8,99
9,01	0,41	9,01
9,05	0,41	9,05
9,07	0,41	9,07
9,10	0,41	9,10
9,14	0,41	9,14
9,16	0,42	9,16
9,19	0,42	9,19
9,22	0,41	9,22
9,25	0,41	9,25
9,28	0,41	9,28
9,31	0,42	9,31
9,34	0,42	9,34
9,36	0,42	9,36
9,40	0,42	9,40
9,42	0,41	9,42
9,45	0,42	9,45
9,48	0,42	9,48
9,51	0,42	9,51
9,54	0,42	9,54
9,57	0,42	9,57
9,58	0,42	9,58
9,63	0,42	9,63
9,64	0,42	9,64
9,67	0,44	9,67
9,70	0,42	9,70
9,72	0,42	9,72
9,75	0,44	9,75
9,78	0,44	9,78
9,81	0,42	9,81
9,84	0,44	9,84
9,87	0,44	9,87
9,88	0,42	9,88
9,91	0,44	9,91
9,94	0,44	9,94
9,97	0,44	9,97
9,99	0,44	9,99
10,02	0,45	10,02
10,05	0,42	10,05
10,08	0,44	10,08
10,11	0,44	10,11
10,12	0,45	10,12
10,15	0,44	10,15
10,18	0,45	10,18
10,21	0,44	10,21
10,23	0,45	10,23
10,26	0,45	10,26
10,27	0,47	10,27
10,30	0,45	10,30
10,33	0,45	10,33
10,36	0,45	10,36
10,39	0,45	10,39
10,42	0,45	10,42
10,44	0,45	10,44
10,47	0,45	10,47
10,50	0,47	10,50
10,51	0,47	10,51
10,54	0,47	10,54
10,56	0,47	10,56
10,59	0,48	10,59
10,60	0,48	10,60
10,65	0,47	10,65
10,66	0,48	10,66
10,69	0,48	10,69
10,71	0,48	10,71
10,74	0,48	10,74
10,77	0,48	10,77
10,78	0,48	10,78
10,81	0,48	10,81
10,84	0,50	10,84
10,86	0,50	10,86
10,89	0,50	10,89
10,90	0,50	10,90
10,93	0,50	10,93
10,95	0,50	10,95
10,98	0,51	10,98
11,01	0,51	11,01
11,04	0,51	11,04
11,06	0,51	11,06
11,07	0,53	11,07
11,10	0,53	11,10
11,12	0,54	11,12
11,15	0,54	11,15
11,18	0,54	11,18
11,19	0,56	11,19
11,22	0,56	11,22
11,25	0,56	11,25
11,27	0,56	11,27
11,30	0,57	11,30
11,33	0,57	11,33
11,34	0,59	11,34
11,36	0,59	11,36
11,39	0,59	11,39
11,42	0,60	11,42
11,43	0,60	11,43
11,45	0,60	11,45
11,48	0,62	11,48
11,51	0,63	11,51
11,52	0,63	11,52
11,55	0,65	11,55
11,57	0,65	11,57
11,58	0,65	11,58
11,61	0,65	11,61
11,63	0,66	11,63
11,66	0,66	11,66
11,67	0,68	11,67
11,70	0,68	11,70
11,72	0,69	11,72
11,75	0,71	11,75
11,76	0,69	11,76
11,79	0,69	11,79
11,81	0,71	11,81
11,84	0,72	11,84
11,85	0,72	11,85
11,87	0,72	11,87
11,90	0,72	11,90
11,93	0,72	11,93
11,94	0,74	11,94
11,96	0,74	11,96
11,99	0,72	11,99
12,00	0,74	12,00
12,03	0,74	12,03
12,05	0,75	12,05
12,08	0,74	12,08
12,09	0,74	12,09
12,12	0,75	12,12
12,14	0,75	12,14
12,17	0,75	12,17
12,18	0,75	12,18
12,20	0,75	12,20
12,21	0,75	12,21
12,24	0,75	12,24
12,26	0,75	12,26
12,30	0,75	12,30
12,30	0,74	12,30
12,32	0,74	12,32
12,35	0,74	12,35
12,36	0,75	12,36
12,39	0,74	12,39
12,41	0,74	12,41
12,42	0,74	12,42
12,45	0,74	12,45
12,47	0,74	12,47
12,48	0,74	12,48
12,51	0,74	12,51
12,53	0,74	12,53
12,56	0,74	12,56
12,57	0,74	12,57
12,59	0,72	12,59
12,60	0,74	12,60
12,62	0,72	12,62
12,65	0,72	12,65
12,66	0,72	12,66
12,69	0,72	12,69
12,71	0,72	12,71
12,72	0,72	12,72
12,74	0,72	12,74
12,77	0,72	12,77
12,78	0,72	12,78
12,80	0,72	12,80
12,81	0,71	12,81
12,85	0,72	12,85
12,88	0,71	12,88
12,88	0,72	12,88
12,91	0,72	12,91
12,91	0,71	12,91
12,95	0,71	12,95
12,97	0,71	12,97
12,98	0,71	12,98
13,00	0,71	13,00
13,01	0,71	13,01
13,04	0,71	13,04
13,06	0,71	13,06
13,07	0,71	13,07
13,10	0,69	13,10
13,12	0,71	13,12
13,13	0,71	13,13
13,15	0,71	13,15
13,18	0,71	13,18
13,19	0,69	13,19
13,21	0,69	13,21
13,22	0,69	13,22
13,25	0,71	13,25
13,27	0,71	13,27
13,27	0,71	13,27
13,30	0,71	13,30
13,31	0,71	13,31
13,34	0,71	13,34
13,36	0,71	13,36
13,37	0,71	13,37
13,39	0,71	13,39
13,40	0,71	13,40
13,43	0,72	13,43
13,45	0,71	13,45
13,46	0,71	13,46
13,48	0,71	13,48
13,49	0,72	13,49
13,52	0,71	13,52
13,52	0,71	13,52
13,55	0,72	13,55
13,57	0,71	13,57
13,58	0,71	13,58
13,60	0,72	13,60
13,63	0,71	13,63
13,64	0,72	13,64
13,66	0,72	13,66
13,67	0,71	13,67
13,69	0,72	13,69
13,70	0,72	13,70
13,72	0,72	13,72
13,73	0,71	13,73
13,76	0,72	13,76
13,78	0,72	13,78
13,79	0,72	13,79
13,81	0,72	13,81
13,82	0,72	13,82
13,84	0,72	13,84
13,85	0,72	13,85
13,87	0,72	13,87
13,90	0,72	13,90
13,91	0,74	13,91
13,93	0,72	13,93
13,94	0,72	13,94
13,96	0,74	13,96
13,97	0,72	13,97
13,99	0,72	13,99
14,00	0,74	14,00
14,02	0,74	14,02
14,03	0,74	14,03
14,06	0,74	14,06
14,08	0,74	14,08
14,09	0,74	14,09
14,11	0,74	14,11
14,12	0,75	14,12
14,14	0,74	14,14
14,15	0,74	14,15
14,17	0,74	14,17
14,20	0,74	14,20
14,21	0,74	14,21
14,23	0,74	14,23
14,24	0,74	14,24
14,26	0,75	14,26
14,26	0,75	14,26
14,27	0,75	14,27
14,30	0,75	14,30
14,32	0,74	14,32
14,33	0,75	14,33
14,35	0,77	14,35
14,36	0,75	14,36
14,38	0,75	14,38
14,41	0,75	14,41
14,41	0,75	14,41
14,42	0,75	14,42
14,44	0,75	14,44
14,45	0,77	14,45
14,47	0,75	14,47
14,48	0,77	14,48
14,50	0,75	14,50
14,51	0,75	14,51
14,53	0,77	14,53
14,54	0,75	14,54
14,56	0,77	14,56
14,57	0,77	14,57
14,59	0,78	14,59
14,60	0,77	14,60
14,62	0,78	14,62
14,63	0,77	14,63
14,65	0,78	14,65
14,67	0,78	14,67
14,68	0,77	14,68
14,70	0,78	14,70
14,71	0,78	14,71
14,73	0,78	14,73
14,74	0,78	14,74
14,76	0,78	14,76
14,77	0,78	14,77
14,79	0,78	14,79
14,80	0,78	14,80
14,82	0,80	14,82
14,83	0,80	14,83
14,85	0,80	14,85
14,86	0,80	14,86
14,88	0,80	14,88
14,88	0,80	14,88
14,91	0,80	14,91
14,92	0,80	14,92
14,94	0,81	14,94
14,95	0,80	14,95
14,97	0,81	14,97
14,98	0,81	14,98
14,98	0,80	14,98
15,01	0,83	15,01
15,01	0,81	15,01
15,03	0,81	15,03
15,04	0,81	15,04
15,06	0,83	15,06
15,07	0,83	15,07
15,09	0,83	15,09
15,10	0,83	15,10
15,12	0,81	15,12
15,12	0,83	15,12
15,13	0,83	15,13
15,15	0,83	15,15
15,18	0,84	15,18
15,19	0,84	15,19
15,19	0,84	15,19
15,21	0,84	15,21
15,22	0,84	15,22
15,24	0,84	15,24
15,25	0,84	15,25
15,27	0,84	15,27
15,27	0,84	15,27
15,30	0,86	15,30
15,30	0,86	15,30
15,33	0,84	15,33
15,33	0,86	15,33
15,34	0,86	15,34
15,36	0,86	15,36
15,37	0,86	15,37
15,37	0,86	15,37
15,40	0,86	15,40
15,40	0,87	15,40
15,42	0,87	15,42
15,45	0,86	15,45
15,45	0,87	15,45
15,46	0,87	15,46
15,46	0,87	15,46
15,49	0,89	15,49
15,49	0,89	15,49
15,51	0,87	15,51
15,52	0,87	15,52
15,54	0,89	15,54
15,55	0,89	15,55
15,55	0,90	15,55
15,57	0,90	15,57
15,58	0,89	15,58
15,60	0,89	15,60
15,61	0,90	15,61
15,61	0,90	15,61
15,64	0,90	15,64
15,66	0,90	15,66
15,66	0,90	15,66
15,67	0,90	15,67
15,69	0,92	15,69
15,70	0,92	15,70
15,70	0,92	15,70
15,73	0,93	15,73
15,73	0,92	15,73
15,75	0,93	15,75
15,76	0,93	15,76
15,78	0,92	15,78
15,79	0,95	15,79
15,79	0,95	15,79
15,81	0,95	15,81
15,82	0,95	15,82
15,82	0,95	15,82
15,84	0,96	15,84
15,85	0,96	15,85
15,87	0,96	15,87
15,88	0,98	15,88
15,90	0,98	15,90
15,90	0,98	15,90
15,91	0,98	15,91
15,93	0,98	15,93
15,94	0,99	15,94
15,96	0,99	15,96
15,96	0,99	15,96
15,97	1,01	15,97
15,99	1,01	15,99
16,00	1,01	16,00
16,00	1,01	16,00
16,02	1,02	16,02
16,03	1,02	16,03
16,05	1,02	16,05
16,06	1,04	16,06
16,06	1,04	16,06
16,08	1,05	16,08
16,08	1,05	16,08
16,11	1,05	16,11
16,12	1,07	16,12
16,12	1,07	16,12
16,14	1,08	16,14
16,15	1,10	16,15
16,15	1,10	16,15
16,17	1,10	16,17
16,18	1,10	16,18
16,20	1,10	16,20
16,20	1,11	16,20
16,21	1,11	16,21
16,23	1,14	16,23
16,23	1,13	16,23
16,24	1,14	16,24
16,26	1,14	16,26
16,27	1,16	16,27
16,29	1,16	16,29
16,29	1,16	16,29
16,30	1,17	16,30
16,32	1,17	16,32
16,32	1,19	16,32
16,33	1,19	16,33
16,35	1,20	16,35
16,36	1,20	16,36
16,36	1,22	16,36
16,36	1,22	16,36
16,39	1,22	16,39
16,39	1,24	16,39
16,41	1,25	16,41
16,41	1,25	16,41
16,44	1,27	16,44
16,44	1,25	16,44
16,45	1,27	16,45
16,45	1,27	16,45
16,47	1,28	16,47
16,48	1,28	16,48
16,48	1,30	16,48
16,50	1,30	16,50
16,52	1,30	16,52
16,53	1,31	16,53
16,53	1,33	16,53
16,55	1,31	16,55
16,56	1,34	16,56
16,56	1,33	16,56
16,58	1,34	16,58
16,58	1,34	16,58
16,61	1,34	16,61
16,61	1,34	16,61
16,61	1,36	16,61
16,62	1,36	16,62
16,64	1,36	16,64
16,65	1,37	16,65
16,65	1,37	16,65
16,67	1,37	16,67
16,68	1,37	16,68
16,68	1,37	16,68
16,70	1,37	16,70
16,71	1,39	16,71
16,71	1,39	16,71
16,71	1,39	16,71
16,74	1,39	16,74
16,76	1,39	16,76
16,76	1,40	16,76
16,77	1,40	16,77
16,77	1,40	16,77
16,79	1,40	16,79
16,80	1,40	16,80
16,80	1,40	16,80
16,82	1,42	16,82
16,83	1,40	16,83
16,83	1,42	16,83
16,85	1,40	16,85
16,85	1,40	16,85
16,86	1,42	16,86
16,88	1,42	16,88
16,88	1,42	16,88
16,89	1,40	16,89
16,89	1,42	16,89
16,91	1,42	16,91
16,92	1,40	16,92
16,92	1,42	16,92
16,94	1,42	16,94
16,95	1,42	16,95
16,95	1,42	16,95
16,97	1,42	16,97
16,98	1,42	16,98
16,98	1,42	16,98
17,00	1,42	17,00
17,00	1,42	17,00
17,01	1,42	17,01
17,01	1,42	17,01
17,03	1,40	17,03
17,04	1,42	17,04
17,04	1,42	17,04
17,06	1,43	17,06
17,07	1,42	17,07
17,07	1,42	17,07
17,09	1,42	17,09
17,09	1,42	17,09
17,10	1,42	17,10
17,10	1,42	17,10
17,12	1,42	17,12
17,12	1,42	17,12
17,13	1,42	17,13
17,15	1,42	17,15
17,16	1,40	17,16
17,16	1,40	17,16
17,16	1,42	17,16
17,18	1,42	17,18
17,19	1,42	17,19
17,21	1,40	17,21
17,21	1,42	17,21
17,21	1,42	17,21
17,22	1,40	17,22
17,24	1,42	17,24
17,24	1,40	17,24
17,25	1,40	17,25
17,25	1,40	17,25
17,27	1,40	17,27
17,28	1,40	17,28
17,28	1,40	17,28
17,30	1,40	17,30
17,30	1,40	17,30
17,31	1,40	17,31
17,31	1,40	17,31
17,33	1,42	17,33
17,34	1,39	17,34
17,34	1,40	17,34
17,36	1,39	17,36
17,36	1,40	17,36
17,37	1,39	17,37
17,37	1,40	17,37
17,39	1,40	17,39
17,39	1,40	17,39
17,40	1,39	17,40
17,40	1,40	17,40
17,42	1,40	17,42
17,43	1,39	17,43
17,43	1,39	17,43
17,45	1,39	17,45
17,45	1,39	17,45
17,45	1,39	17,45
17,46	1,39	17,46
17,48	1,39	17,48
17,48	1,39	17,48
17,49	1,37	17,49
17,51	1,39	17,51
17,51	1,39	17,51
17,51	1,39	17,51
17,52	1,37	17,52
17,52	1,37	17,52
17,54	1,37	17,54
17,55	1,37	17,55
17,55	1,37	17,55
17,55	1,37	17,55
17,55	1,39	17,55
17,58	1,37	17,58
17,58	1,39	17,58
17,58	1,37	17,58
17,60	1,37	17,60
17,60	1,37	17,60
17,61	1,37	17,61
17,63	1,37	17,63
17,63	1,36	17,63
17,64	1,37	17,64
17,64	1,37	17,64
17,64	1,36	17,64
17,66	1,37	17,66
17,66	1,37	17,66
17,67	1,37	17,67
17,69	1,36	17,69
17,69	1,36	17,69
17,69	1,37	17,69
17,70	1,36	17,70
17,70	1,36	17,70
17,72	1,36	17,72
17,73	1,37	17,73
17,72	1,36	17,72
17,75	1,36	17,75
17,75	1,36	17,75
17,75	1,36	17,75
17,75	1,36	17,75
17,78	1,36	17,78
17,78	1,34	17,78
17,79	1,34	17,79
17,79	1,36	17,79
17,79	1,34	17,79
17,81	1,36	17,81
17,82	1,34	17,82
17,82	1,36	17,82
17,82	1,36	17,82
17,84	1,34	17,84
17,84	1,36	17,84
17,85	1,34	17,85
17,87	1,34	17,87
17,85	1,34	17,85
17,87	1,34	17,87
17,88	1,34	17,88
17,88	1,34	17,88
17,90	1,34	17,90
17,90	1,34	17,90
17,90	1,34	17,90
17,91	1,34	17,91
17,91	1,34	17,91
17,94	1,34	17,94
17,93	1,34	17,93
17,93	1,34	17,93
17,94	1,34	17,94
17,94	1,34	17,94
17,96	1,34	17,96
17,97	1,34	17,97
17,97	1,34	17,97
17,97	1,33	17,97
17,99	1,34	17,99
17,99	1,34	17,99
18,00	1,34	18,00
18,00	1,34	18,00
18,02	1,34	18,02
18,02	1,34	18,02
18,02	1,34	18,02
18,03	1,34	18,03
18,05	1,34	18,05
18,05	1,34	18,05
18,06	1,34	18,06
18,06	1,34	18,06
18,08	1,34	18,08
18,08	1,34	18,08
18,09	1,34	18,09
18,09	1,33	18,09
18,09	1,34	18,09
18,11	1,34	18,11
18,11	1,34	18,11
18,12	1,36	18,12
18,12	1,34	18,12
18,12	1,34	18,12
18,14	1,34	18,14
18,15	1,34	18,15
18,15	1,34	18,15
18,15	1,34	18,15
18,15	1,34	18,15
18,17	1,34	18,17
18,17	1,34	18,17
18,18	1,34	18,18
18,18	1,34	18,18
18,20	1,34	18,20
18,20	1,34	18,20
18,21	1,34	18,21
18,21	1,36	18,21
18,21	1,34	18,21
18,21	1,36	18,21
18,23	1,36	18,23
18,24	1,34	18,24
18,23	1,36	18,23
18,24	1,34	18,24
18,26	1,36	18,26
18,26	1,36	18,26
18,27	1,36	18,27
18,27	1,34	18,27
18,27	1,36	18,27
18,29	1,36	18,29
18,29	1,36	18,29
18,30	1,34	18,30
18,30	1,36	18,30
18,30	1,34	18,30
18,32	1,36	18,32
18,32	1,36	18,32
18,34	1,36	18,34
18,34	1,36	18,34
18,34	1,36	18,34
18,35	1,36	18,35
18,35	1,36	18,35
18,35	1,36	18,35
18,37	1,36	18,37
18,37	1,37	18,37
18,37	1,36	18,37
18,38	1,37	18,38
18,40	1,37	18,40
18,38	1,36	18,38
18,41	1,36	18,41
18,41	1,36	18,41
18,41	1,36	18,41
18,41	1,36	18,41
18,43	1,37	18,43
18,43	1,36	18,43
18,44	1,37	18,44
18,44	1,37	18,44
18,44	1,37	18,44
18,46	1,36	18,46
18,46	1,37	18,46
18,47	1,37	18,47
18,47	1,37	18,47
18,47	1,37	18,47
18,49	1,36	18,49
18,49	1,37	18,49
18,49	1,37	18,49
18,50	1,37	18,50
18,50	1,37	18,50
18,50	1,37	18,50
18,52	1,37	18,52
18,52	1,37	18,52
18,53	1,37	18,53
18,52	1,37	18,52
18,55	1,37	18,55
18,53	1,37	18,53
18,55	1,37	18,55
18,55	1,37	18,55
18,55	1,39	18,55
18,56	1,37	18,56
18,56	1,37	18,56
18,58	1,37	18,58
18,58	1,37	18,58
18,58	1,37	18,58
18,59	1,37	18,59
18,59	1,39	18,59
18,59	1,37	18,59
18,61	1,39	18,61
18,61	1,37	18,61
18,62	1,37	18,62
18,62	1,37	18,62
18,62	1,39	18,62
18,62	1,39	18,62
18,62	1,39	18,62
18,64	1,37	18,64
18,64	1,39	18,64
18,65	1,39	18,65
18,65	1,39	18,65
18,67	1,39	18,67
18,67	1,39	18,67
18,67	1,39	18,67
18,67	1,39	18,67
18,68	1,39	18,68
18,68	1,39	18,68
18,70	1,40	18,70
18,70	1,39	18,70
18,70	1,39	18,70
18,70	1,39	18,70
18,71	1,39	18,71
18,71	1,39	18,71
18,73	1,39	18,73
18,73	1,40	18,73
18,73	1,39	18,73
18,74	1,40	18,74
18,74	1,39	18,74
18,74	1,39	18,74
18,76	1,39	18,76
18,76	1,40	18,76
18,76	1,40	18,76
18,77	1,39	18,77
18,77	1,40	18,77
18,77	1,40	18,77
18,79	1,40	18,79
18,79	1,40	18,79
18,80	1,40	18,80
18,80	1,40	18,80
18,80	1,40	18,80
18,80	1,40	18,80
18,82	1,40	18,82
18,82	1,40	18,82
18,82	1,40	18,82
18,83	1,42	18,83
18,83	1,42	18,83
18,83	1,40	18,83
18,85	1,42	18,85
18,85	1,40	18,85
18,85	1,42	18,85
18,85	1,42	18,85
18,86	1,40	18,86
18,86	1,42	18,86
18,88	1,42	18,88
18,88	1,43	18,88
18,88	1,40	18,88
18,88	1,43	18,88
18,89	1,42	18,89
18,89	1,43	18,89
18,89	1,42	18,89
18,91	1,42	18,91
18,91	1,43	18,91
18,91	1,43	18,91
18,91	1,42	18,91
18,92	1,42	18,92
18,92	1,43	18,92
18,92	1,43	18,92
18,94	1,42	18,94
18,94	1,42	18,94
18,95	1,42	18,95
18,95	1,42	18,95
18,97	1,43	18,97
18,97	1,43	18,97
18,97	1,42	18,97
18,97	1,43	18,97
18,97	1,43	18,97
18,98	1,43	18,98
18,98	1,43	18,98
18,98	1,45	18,98
18,98	1,43	18,98
18,98	1,43	18,98
19,00	1,43	19,00
19,00	1,43	19,00
19,01	1,43	19,01
19,01	1,43	19,01
19,01	1,45	19,01
19,01	1,45	19,01
19,01	1,45	19,01
19,03	1,43	19,03
19,03	1,45	19,03
19,03	1,45	19,03
19,04	1,45	19,04
19,04	1,45	19,04
19,04	1,45	19,04
19,06	1,45	19,06
19,06	1,45	19,06
19,06	1,45	19,06
19,06	1,45	19,06
19,07	1,46	19,07
19,06	1,46	19,06
19,09	1,45	19,09
19,09	1,45	19,09
19,09	1,45	19,09
19,09	1,45	19,09
19,10	1,45	19,10
19,10	1,46	19,10
19,10	1,46	19,10
19,10	1,45	19,10
19,12	1,46	19,12
19,12	1,46	19,12
19,12	1,46	19,12
19,12	1,45	19,12
19,13	1,45	19,13
19,13	1,46	19,13
19,15	1,46	19,15
19,15	1,46	19,15
19,15	1,46	19,15
19,15	1,45	19,15
19,15	1,46	19,15
19,15	1,46	19,15
19,16	1,46	19,16
19,16	1,46	19,16
19,16	1,48	19,16
19,18	1,46	19,18
19,18	1,46	19,18
19,18	1,46	19,18
19,18	1,46	19,18
19,19	1,48	19,19
19,19	1,48	19,19
19,21	1,46	19,21
19,21	1,46	19,21
19,21	1,48	19,21
19,21	1,46	19,21
19,21	1,48	19,21
19,21	1,46	19,21
19,22	1,48	19,22
19,22	1,48	19,22
19,22	1,46	19,22
19,22	1,46	19,22
19,24	1,48	19,24
19,24	1,46	19,24
19,24	1,48	19,24
19,25	1,48	19,25
19,25	1,46	19,25
19,27	1,46	19,27
19,27	1,48	19,27
19,28	1,48	19,28
19,28	1,48	19,28
19,30	1,49	19,30
19,30	1,48	19,30
19,31	1,49	19,31
19,33	1,48	19,33
19,34	1,48	19,34
19,36	1,49	19,36
19,37	1,49	19,37
19,39	1,49	19,39
19,39	1,49	19,39
19,40	1,49	19,40
19,42	1,48	19,42
19,43	1,49	19,43
19,45	1,49	19,45
19,45	1,49	19,45
19,46	1,49	19,46
19,48	1,49	19,48
19,49	1,49	19,49
19,49	1,49	19,49
19,51	1,49	19,51
19,52	1,49	19,52
19,54	1,49	19,54
19,55	1,49	19,55
19,57	1,49	19,57
19,58	1,51	19,58
19,58	1,51	19,58
19,60	1,51	19,60
19,61	1,51	19,61
19,63	1,51	19,63
19,64	1,51	19,64
19,66	1,51	19,66
19,66	1,51	19,66
19,67	1,52	19,67
19,69	1,52	19,69
19,69	1,52	19,69
19,70	1,52	19,70
19,72	1,52	19,72
19,73	1,52	19,73
19,73	1,54	19,73
19,76	1,52	19,76
19,76	1,54	19,76
19,78	1,54	19,78
19,79	1,54	19,79
19,79	1,54	19,79
19,81	1,55	19,81
19,82	1,55	19,82
19,84	1,54	19,84
19,84	1,55	19,84
19,85	1,55	19,85
19,87	1,57	19,87
19,88	1,57	19,88
19,88	1,57	19,88
19,90	1,57	19,90
19,91	1,57	19,91
19,93	1,57	19,93
19,94	1,57	19,94
19,94	1,58	19,94
19,96	1,58	19,96
19,96	1,58	19,96
19,97	1,57	19,97
19,99	1,58	19,99
20,00	1,58	20,00
20,02	1,60	20,02
20,02	1,60	20,02
20,03	1,58	20,03
20,05	1,60	20,05
20,06	1,60	20,06
20,06	1,60	20,06
20,08	1,61	20,08
20,08	1,60	20,08
20,09	1,61	20,09
20,11	1,63	20,11
20,12	1,61	20,12
20,12	1,61	20,12
20,14	1,63	20,14
20,14	1,63	20,14
20,17	1,63	20,17
20,17	1,63	20,17
20,19	1,63	20,19
20,20	1,63	20,20
20,22	1,63	20,22
20,22	1,64	20,22
20,23	1,64	20,23
20,23	1,66	20,23
20,25	1,64	20,25
20,25	1,66	20,25
20,26	1,66	20,26
20,28	1,66	20,28
20,28	1,66	20,28
20,29	1,67	20,29
20,31	1,66	20,31
20,31	1,67	20,31
20,32	1,67	20,32
20,34	1,67	20,34
20,34	1,69	20,34
20,35	1,67	20,35
20,37	1,69	20,37
20,38	1,69	20,38
20,38	1,70	20,38
20,38	1,70	20,38
20,41	1,70	20,41
20,41	1,70	20,41
20,43	1,70	20,43
20,43	1,72	20,43
20,44	1,70	20,44
20,46	1,72	20,46
20,46	1,72	20,46
20,47	1,73	20,47
20,49	1,73	20,49
20,49	1,73	20,49
20,50	1,73	20,50
20,50	1,73	20,50
20,52	1,75	20,52
20,53	1,75	20,53
20,53	1,75	20,53
20,55	1,76	20,55
20,56	1,75	20,56
20,58	1,76	20,58
20,58	1,76	20,58
20,59	1,76	20,59
20,59	1,76	20,59
20,61	1,78	20,61
20,61	1,78	20,61
20,62	1,78	20,62
20,64	1,81	20,64
20,64	1,79	20,64
20,65	1,79	20,65
20,67	1,81	20,67
20,67	1,79	20,67
20,67	1,81	20,67
20,68	1,82	20,68
20,70	1,82	20,70
20,70	1,82	20,70
20,71	1,82	20,71
20,71	1,84	20,71
20,73	1,84	20,73
20,74	1,84	20,74
20,74	1,85	20,74
20,76	1,85	20,76
20,77	1,85	20,77
20,77	1,87	20,77
20,79	1,87	20,79
20,80	1,87	20,80
20,80	1,87	20,80
20,80	1,88	20,80
20,82	1,88	20,82
20,83	1,88	20,83
20,83	1,90	20,83
20,85	1,90	20,85
20,86	1,90	20,86
20,86	1,91	20,86
20,88	1,93	20,88
20,88	1,93	20,88
20,89	1,94	20,89
20,89	1,94	20,89
20,91	1,94	20,91
20,91	1,96	20,91
20,92	1,96	20,92
20,94	1,96	20,94
20,94	1,97	20,94
20,95	1,99	20,95
20,95	1,97	20,95
20,95	1,99	20,95
20,97	1,99	20,97
20,98	1,99	20,98
20,98	2,00	20,98
21,00	2,02	21,00
21,00	2,02	21,00
21,01	2,02	21,01
21,03	2,03	21,03
21,03	2,03	21,03
21,04	2,03	21,04
21,06	2,05	21,06
21,04	2,06	21,04
21,06	2,06	21,06
21,07	2,08	21,07
21,09	2,08	21,09
21,09	2,09	21,09
21,10	2,11	21,10
21,10	2,11	21,10
21,12	2,11	21,12
21,12	2,12	21,12
21,13	2,12	21,13
21,13	2,12	21,13
21,15	2,14	21,15
21,15	2,15	21,15
21,16	2,15	21,16
21,16	2,17	21,16
21,18	2,15	21,18
21,19	2,17	21,19
21,19	2,18	21,19
21,19	2,18	21,19
21,21	2,20	21,21
21,21	2,20	21,21
21,24	2,21	21,24
21,24	2,23	21,24
21,24	2,21	21,24
21,25	2,24	21,25
21,25	2,24	21,25
21,27	2,24	21,27
21,27	2,26	21,27
21,28	2,26	21,28
21,28	2,26	21,28
21,28	2,27	21,28
21,30	2,29	21,30
21,31	2,27	21,31
21,31	2,30	21,31
21,33	2,29	21,33
21,34	2,32	21,34
21,33	2,32	21,33
21,34	2,32	21,34
21,36	2,33	21,36
21,36	2,33	21,36
21,36	2,35	21,36
21,37	2,33	21,37
21,39	2,35	21,39
21,39	2,36	21,39
21,39	2,36	21,39
21,39	2,36	21,39
21,42	2,38	21,42
21,42	2,38	21,42
21,43	2,38	21,43
21,43	2,39	21,43
21,45	2,39	21,45
21,45	2,39	21,45
21,46	2,41	21,46
21,46	2,42	21,46
21,48	2,42	21,48
21,48	2,44	21,48
21,48	2,44	21,48
21,49	2,44	21,49
21,49	2,46	21,49
21,51	2,46	21,51
21,51	2,46	21,51
21,51	2,46	21,51
21,51	2,47	21,51
21,54	2,47	21,54
21,54	2,49	21,54
21,55	2,49	21,55
21,55	2,49	21,55
21,57	2,50	21,57
21,55	2,50	21,55
21,58	2,50	21,58
21,58	2,50	21,58
21,58	2,50	21,58
21,60	2,52	21,60
21,60	2,52	21,60
21,61	2,53	21,61
21,61	2,53	21,61
21,61	2,53	21,61
21,63	2,53	21,63
21,63	2,53	21,63
21,63	2,55	21,63
21,64	2,56	21,64
21,66	2,55	21,66
21,66	2,56	21,66
21,67	2,55	21,67
21,67	2,56	21,67
21,69	2,56	21,69
21,69	2,58	21,69
21,69	2,58	21,69
21,69	2,58	21,69
21,70	2,59	21,70
21,72	2,59	21,72
21,73	2,59	21,73
21,73	2,59	21,73
21,73	2,59	21,73
21,75	2,59	21,75
21,75	2,59	21,75
21,76	2,59	21,76
21,76	2,61	21,76
21,76	2,61	21,76
21,78	2,62	21,78
21,78	2,61	21,78
21,79	2,62	21,79
21,79	2,62	21,79
21,79	2,62	21,79
21,81	2,62	21,81
21,81	2,64	21,81
21,82	2,62	21,82
21,82	2,64	21,82
21,84	2,64	21,84
21,84	2,64	21,84
21,84	2,64	21,84
21,85	2,64	21,85
21,85	2,65	21,85
21,85	2,65	21,85
21,87	2,65	21,87
21,87	2,65	21,87
21,88	2,65	21,88
21,88	2,67	21,88
21,90	2,65	21,90
21,90	2,67	21,90
21,90	2,67	21,90
21,91	2,67	21,91
21,93	2,67	21,93
21,93	2,67	21,93
21,93	2,68	21,93
21,93	2,67	21,93
21,94	2,68	21,94
21,94	2,68	21,94
21,94	2,68	21,94
21,94	2,68	21,94
21,96	2,68	21,96
21,97	2,68	21,97
21,97	2,68	21,97
21,97	2,70	21,97
21,99	2,70	21,99
21,99	2,70	21,99
22,01	2,70	22,01
22,01	2,70	22,01
22,01	2,70	22,01
22,02	2,70	22,02
22,02	2,70	22,02
22,04	2,71	22,04
22,04	2,71	22,04
22,04	2,71	22,04
22,04	2,71	22,04
22,04	2,71	22,04
22,05	2,71	22,05
22,07	2,71	22,07
22,07	2,71	22,07
22,07	2,71	22,07
22,08	2,71	22,08
22,08	2,71	22,08
22,10	2,73	22,10
22,10	2,73	22,10
22,10	2,73	22,10
22,10	2,71	22,10
22,13	2,73	22,13
22,11	2,73	22,11
22,13	2,73	22,13
22,14	2,71	22,14
22,14	2,73	22,14
22,14	2,73	22,14
22,16	2,73	22,16
22,16	2,73	22,16
22,16	2,73	22,16
22,17	2,73	22,17
22,17	2,74	22,17
22,17	2,74	22,17
22,19	2,73	22,19
22,19	2,74	22,19
22,20	2,73	22,20
22,20	2,74	22,20
22,20	2,73	22,20
22,20	2,74	22,20
22,22	2,73	22,22
22,22	2,74	22,22
22,22	2,73	22,22
22,23	2,74	22,23
22,23	2,74	22,23
22,23	2,73	22,23
22,25	2,74	22,25
22,25	2,74	22,25
22,25	2,74	22,25
22,26	2,74	22,26
22,26	2,76	22,26
22,26	2,73	22,26
22,28	2,74	22,28
22,28	2,74	22,28
22,28	2,74	22,28
22,29	2,74	22,29
22,29	2,74	22,29
22,29	2,74	22,29
22,29	2,74	22,29
22,31	2,74	22,31
22,32	2,74	22,32
22,32	2,74	22,32
22,32	2,74	22,32
22,34	2,74	22,34
22,34	2,73	22,34
22,34	2,73	22,34
22,35	2,74	22,35
22,35	2,73	22,35
22,37	2,73	22,37
22,37	2,73	22,37
22,37	2,73	22,37
22,37	2,73	22,37
22,38	2,74	22,38
22,38	2,73	22,38
22,38	2,74	22,38
22,40	2,74	22,40
22,40	2,73	22,40
22,41	2,73	22,41
22,41	2,74	22,41
22,41	2,74	22,41
22,43	2,73	22,43
22,43	2,73	22,43
22,43	2,73	22,43
22,43	2,73	22,43
22,44	2,73	22,44
22,44	2,73	22,44
22,44	2,73	22,44
22,46	2,73	22,46
22,46	2,73	22,46
22,46	2,73	22,46
22,46	2,73	22,46
22,46	2,73	22,46
22,47	2,73	22,47
22,47	2,73	22,47
22,49	2,73	22,49
22,49	2,71	22,49
22,49	2,73	22,49
22,50	2,71	22,50
22,50	2,73	22,50
22,50	2,71	22,50
22,50	2,71	22,50
22,52	2,73	22,52
22,52	2,71	22,52
22,52	2,71	22,52
22,53	2,70	22,53
22,52	2,71	22,52
22,55	2,71	22,55
22,53	2,71	22,53
22,55	2,70	22,55
22,55	2,71	22,55
22,56	2,70	22,56
22,56	2,70	22,56
22,56	2,70	22,56
22,56	2,70	22,56
22,58	2,70	22,58
22,58	2,70	22,58
22,58	2,70	22,58
22,59	2,70	22,59
22,59	2,68	22,59
22,59	2,70	22,59
22,59	2,70	22,59
22,61	2,68	22,61
22,61	2,68	22,61
22,62	2,68	22,62
22,62	2,67	22,62
22,62	2,67	22,62
22,62	2,67	22,62
22,62	2,67	22,62
22,64	2,67	22,64
22,64	2,67	22,64
22,65	2,68	22,65
22,65	2,67	22,65
22,65	2,67	22,65
22,65	2,67	22,65
22,67	2,67	22,67
22,67	2,65	22,67
22,67	2,65	22,67
22,68	2,65	22,68
22,68	2,64	22,68
22,68	2,65	22,68
22,68	2,64	22,68
22,68	2,65	22,68
22,70	2,64	22,70
22,70	2,64	22,70
22,70	2,62	22,70
22,71	2,64	22,71
22,71	2,62	22,71
22,71	2,64	22,71
22,73	2,62	22,73
22,73	2,62	22,73
22,73	2,62	22,73
22,73	2,62	22,73
22,74	2,61	22,74
22,74	2,62	22,74
22,74	2,61	22,74
22,76	2,61	22,76
22,74	2,61	22,74
22,76	2,62	22,76
22,76	2,61	22,76
22,76	2,61	22,76
22,77	2,59	22,77
22,77	2,61	22,77
22,79	2,59	22,79
22,79	2,59	22,79
22,79	2,59	22,79
22,79	2,59	22,79
22,79	2,58	22,79
22,79	2,58	22,79
22,80	2,58	22,80
22,80	2,59	22,80
22,82	2,58	22,82
22,82	2,59	22,82
22,82	2,58	22,82
22,82	2,59	22,82
22,82	2,58	22,82
22,82	2,58	22,82
22,83	2,58	22,83
22,83	2,58	22,83
22,85	2,58	22,85
22,83	2,56	22,83
22,85	2,56	22,85
22,85	2,56	22,85
22,86	2,58	22,86
22,86	2,58	22,86
22,86	2,56	22,86
22,88	2,56	22,88
22,88	2,56	22,88
22,88	2,56	22,88
22,88	2,56	22,88
22,88	2,55	22,88
22,88	2,56	22,88
22,88	2,56	22,88
22,88	2,55	22,88
22,89	2,56	22,89
22,91	2,55	22,91
22,91	2,55	22,91
22,91	2,55	22,91
22,91	2,55	22,91
22,92	2,55	22,92
22,91	2,55	22,91
22,92	2,55	22,92
22,91	2,55	22,91
22,94	2,55	22,94
22,94	2,53	22,94
22,94	2,55	22,94
22,94	2,55	22,94
22,94	2,53	22,94
22,95	2,55	22,95
22,95	2,55	22,95
22,95	2,53	22,95
22,95	2,53	22,95
22,97	2,52	22,97
22,97	2,52	22,97
22,97	2,53	22,97
22,97	2,53	22,97
22,97	2,52	22,97
22,98	2,52	22,98
22,98	2,53	22,98
22,98	2,52	22,98
23,00	2,52	23,00
23,00	2,52	23,00
23,00	2,52	23,00
23,00	2,52	23,00
23,01	2,52	23,01
23,01	2,52	23,01
23,01	2,52	23,01
23,01	2,50	23,01
23,03	2,50	23,03
23,01	2,52	23,01
23,03	2,52	23,03
23,03	2,50	23,03
23,03	2,50	23,03
23,04	2,50	23,04
23,04	2,50	23,04
23,04	2,50	23,04
23,04	2,50	23,04
23,04	2,50	23,04
23,06	2,50	23,06
23,06	2,50	23,06
23,06	2,50	23,06
23,07	2,49	23,07
23,06	2,50	23,06
23,07	2,49	23,07
23,06	2,50	23,06
23,06	2,49	23,06
23,07	2,49	23,07
23,07	2,49	23,07
23,07	2,49	23,07
23,09	2,49	23,09
23,09	2,49	23,09
23,10	2,49	23,10
23,09	2,49	23,09
23,10	2,50	23,10
23,10	2,49	23,10
23,10	2,49	23,10
23,10	2,49	23,10
23,10	2,49	23,10
23,12	2,49	23,12
23,12	2,49	23,12
23,12	2,47	23,12
23,13	2,49	23,13
23,13	2,50	23,13
23,13	2,49	23,13
23,13	2,49	23,13
23,13	2,49	23,13
23,15	2,49	23,15
23,15	2,47	23,15
23,15	2,49	23,15
23,15	2,49	23,15
23,16	2,49	23,16
23,15	2,49	23,15
23,16	2,49	23,16
23,16	2,49	23,16
23,16	2,49	23,16
23,18	2,49	23,18
23,18	2,47	23,18
23,18	2,47	23,18
23,18	2,49	23,18
23,18	2,49	23,18
23,18	2,49	23,18
23,19	2,49	23,19
23,19	2,49	23,19
23,19	2,49	23,19
23,19	2,49	23,19
23,19	2,49	23,19
23,19	2,49	23,19
23,19	2,49	23,19
23,21	2,49	23,21
23,21	2,49	23,21
23,21	2,49	23,21
23,21	2,49	23,21
23,21	2,49	23,21
23,22	2,49	23,22
23,22	2,49	23,22
23,22	2,49	23,22
23,24	2,49	23,24
23,22	2,49	23,22
23,24	2,49	23,24
23,24	2,49	23,24
23,24	2,49	23,24
23,24	2,49	23,24
23,25	2,49	23,25
23,24	2,49	23,24
23,25	2,49	23,25
23,25	2,49	23,25
23,27	2,49	23,27
23,27	2,49	23,27
23,25	2,50	23,25
23,28	2,50	23,28
23,27	2,50	23,27
23,28	2,49	23,28
23,28	2,50	23,28
23,27	2,49	23,27
23,28	2,49	23,28
23,28	2,49	23,28
23,28	2,50	23,28
23,30	2,49	23,30
23,28	2,49	23,28
23,30	2,50	23,30
23,30	2,50	23,30
23,30	2,49	23,30
23,30	2,50	23,30
23,30	2,50	23,30
23,31	2,49	23,31
23,31	2,50	23,31
23,31	2,50	23,31
23,31	2,50	23,31
23,31	2,50	23,31
23,33	2,49	23,33
23,33	2,50	23,33
23,33	2,49	23,33
23,33	2,50	23,33
23,33	2,50	23,33
23,34	2,50	23,34
23,34	2,50	23,34
23,34	2,50	23,34
23,34	2,50	23,34
23,36	2,50	23,36
23,36	2,50	23,36
23,36	2,52	23,36
23,36	2,50	23,36
23,36	2,50	23,36
23,36	2,50	23,36
23,36	2,50	23,36
23,37	2,50	23,37
23,36	2,50	23,36
23,37	2,52	23,37
23,37	2,50	23,37
23,36	2,50	23,36
23,39	2,50	23,39
23,37	2,52	23,37
23,39	2,52	23,39
23,39	2,50	23,39
23,39	2,52	23,39
23,39	2,52	23,39
23,39	2,52	23,39
23,39	2,52	23,39
23,40	2,52	23,40
23,40	2,50	23,40
23,40	2,52	23,40
23,40	2,52	23,40
23,42	2,52	23,42
23,40	2,52	23,40
23,42	2,52	23,42
23,42	2,53	23,42
23,42	2,52	23,42
23,42	2,52	23,42
23,42	2,52	23,42
23,42	2,52	23,42
23,43	2,52	23,43
23,43	2,52	23,43
23,43	2,53	23,43
23,43	2,53	23,43
23,43	2,52	23,43
23,45	2,53	23,45
23,45	2,52	23,45
23,45	2,52	23,45
23,45	2,52	23,45
23,45	2,53	23,45
23,45	2,53	23,45
23,45	2,52	23,45
23,46	2,53	23,46
23,46	2,53	23,46
23,46	2,52	23,46
23,46	2,53	23,46
23,46	2,53	23,46
23,46	2,53	23,46
23,48	2,53	23,48
23,48	2,55	23,48
23,48	2,53	23,48
23,48	2,53	23,48
23,48	2,53	23,48
23,48	2,55	23,48
23,48	2,55	23,48
23,49	2,53	23,49
23,49	2,53	23,49
23,49	2,53	23,49
23,49	2,55	23,49
23,51	2,53	23,51
23,49	2,55	23,49
23,49	2,53	23,49
23,51	2,53	23,51
23,51	2,53	23,51
23,51	2,55	23,51
23,52	2,55	23,52
23,51	2,55	23,51
23,52	2,55	23,52
23,51	2,55	23,51
23,52	2,55	23,52
23,52	2,55	23,52
23,54	2,55	23,54
23,54	2,55	23,54
23,52	2,55	23,52
23,52	2,55	23,52
23,54	2,55	23,54
23,54	2,55	23,54
23,54	2,55	23,54
23,54	2,56	23,54
23,54	2,55	23,54
23,55	2,55	23,55
23,54	2,55	23,54
23,55	2,56	23,55
23,54	2,56	23,54
23,55	2,55	23,55
23,55	2,56	23,55
23,55	2,56	23,55
23,57	2,56	23,57
23,57	2,55	23,57
23,57	2,56	23,57
23,58	2,56	23,58
23,58	2,56	23,58
23,58	2,56	23,58
23,60	2,56	23,60
23,60	2,56	23,60
23,61	2,56	23,61
23,61	2,56	23,61
23,63	2,56	23,63
23,63	2,58	23,63
23,64	2,56	23,64
23,64	2,58	23,64
23,66	2,56	23,66
23,66	2,58	23,66
23,67	2,56	23,67
23,69	2,56	23,69
23,69	2,58	23,69
23,70	2,58	23,70
23,72	2,56	23,72
23,72	2,58	23,72
23,72	2,58	23,72
23,73	2,58	23,73
23,73	2,58	23,73
23,75	2,56	23,75
23,76	2,58	23,76
23,76	2,58	23,76
23,78	2,58	23,78
23,79	2,58	23,79
23,79	2,58	23,79
23,81	2,58	23,81
23,81	2,58	23,81
23,81	2,59	23,81
23,83	2,58	23,83
23,84	2,59	23,84
23,84	2,58	23,84
23,86	2,58	23,86
23,86	2,59	23,86
23,86	2,59	23,86
23,89	2,59	23,89
23,89	2,59	23,89
23,89	2,59	23,89
23,90	2,59	23,90
23,92	2,59	23,92
23,90	2,59	23,90
23,93	2,59	23,93
23,93	2,61	23,93
23,95	2,59	23,95
23,95	2,61	23,95
23,96	2,59	23,96
23,96	2,61	23,96
23,98	2,61	23,98
23,99	2,61	23,99
23,98	2,61	23,98
23,99	2,61	23,99
24,01	2,62	24,01
24,01	2,61	24,01
24,02	2,62	24,02
24,02	2,61	24,02
24,04	2,62	24,04
24,04	2,62	24,04
24,04	2,62	24,04
24,05	2,64	24,05
24,07	2,62	24,07
24,07	2,62	24,07
24,08	2,62	24,08
24,08	2,62	24,08
24,10	2,62	24,10
24,10	2,62	24,10
24,11	2,64	24,11
24,11	2,64	24,11
24,13	2,64	24,13
24,13	2,64	24,13
24,13	2,65	24,13
24,14	2,64	24,14
24,14	2,65	24,14
24,14	2,64	24,14
24,17	2,64	24,17
24,17	2,65	24,17
24,17	2,65	24,17
24,19	2,65	24,19
24,20	2,65	24,20
24,19	2,65	24,19
24,20	2,65	24,20
24,22	2,67	24,22
24,22	2,67	24,22
24,23	2,65	24,23
24,23	2,67	24,23
24,25	2,65	24,25
24,25	2,67	24,25
24,26	2,67	24,26
24,26	2,67	24,26
24,28	2,67	24,28
24,28	2,68	24,28
24,28	2,68	24,28
24,29	2,67	24,29
24,29	2,68	24,29
24,31	2,68	24,31
24,31	2,67	24,31
24,31	2,68	24,31
24,32	2,68	24,32
24,34	2,68	24,34
24,34	2,68	24,34
24,34	2,68	24,34
24,35	2,70	24,35
24,35	2,70	24,35
24,37	2,68	24,37
24,37	2,70	24,37
24,38	2,68	24,38
24,38	2,68	24,38
24,38	2,68	24,38
24,40	2,70	24,40
24,40	2,70	24,40
24,41	2,70	24,41
24,43	2,70	24,43
24,43	2,70	24,43
24,43	2,70	24,43
24,44	2,71	24,44
24,44	2,70	24,44
24,44	2,71	24,44
24,46	2,71	24,46
24,46	2,71	24,46
24,47	2,71	24,47
24,47	2,71	24,47
24,47	2,73	24,47
24,49	2,71	24,49
24,49	2,71	24,49
24,50	2,73	24,50
24,50	2,71	24,50
24,52	2,73	24,52
24,52	2,73	24,52
24,52	2,73	24,52
24,53	2,73	24,53
24,53	2,73	24,53
24,53	2,73	24,53
24,55	2,73	24,55
24,55	2,73	24,55
24,56	2,73	24,56
24,56	2,74	24,56
24,58	2,73	24,58
24,58	2,74	24,58
24,59	2,76	24,59
24,59	2,74	24,59
24,59	2,76	24,59
24,61	2,76	24,61
24,61	2,74	24,61
24,61	2,76	24,61
24,62	2,76	24,62
24,64	2,76	24,64
24,64	2,76	24,64
24,64	2,77	24,64
24,64	2,76	24,64
24,65	2,76	24,65
24,65	2,77	24,65
24,67	2,76	24,67
24,67	2,76	24,67
24,68	2,77	24,68
24,68	2,77	24,68
24,68	2,77	24,68
24,70	2,77	24,70
24,70	2,79	24,70
24,71	2,77	24,71
24,71	2,79	24,71
24,71	2,79	24,71
24,73	2,79	24,73
24,73	2,79	24,73
24,73	2,79	24,73
24,74	2,80	24,74
24,73	2,79	24,73
24,76	2,80	24,76
24,76	2,80	24,76
24,77	2,79	24,77
24,77	2,80	24,77
24,77	2,80	24,77
24,77	2,82	24,77
24,79	2,80	24,79
24,79	2,80	24,79
24,80	2,82	24,80
24,80	2,82	24,80
24,82	2,82	24,82
24,80	2,82	24,80
24,82	2,82	24,82
24,83	2,83	24,83
24,83	2,83	24,83
24,83	2,83	24,83
24,83	2,83	24,83
24,85	2,83	24,85
24,85	2,83	24,85
24,86	2,83	24,86
24,86	2,83	24,86
24,88	2,85	24,88
24,86	2,85	24,86
24,88	2,83	24,88
24,89	2,83	24,89
24,88	2,85	24,88
24,89	2,85	24,89
24,89	2,85	24,89
24,89	2,85	24,89
24,91	2,85	24,91
24,92	2,85	24,92
24,92	2,86	24,92
24,92	2,86	24,92
24,92	2,86	24,92
24,94	2,86	24,94
24,94	2,86	24,94
24,94	2,88	24,94
24,95	2,88	24,95
24,95	2,86	24,95
24,97	2,88	24,97
24,97	2,86	24,97
24,98	2,88	24,98
24,98	2,88	24,98
24,98	2,88	24,98
24,98	2,88	24,98
25,00	2,88	25,00
25,00	2,89	25,00
25,01	2,89	25,01
25,01	2,89	25,01
25,01	2,88	25,01
25,01	2,88	25,01
25,03	2,89	25,03
25,03	2,89	25,03
25,03	2,91	25,03
25,03	2,91	25,03
25,04	2,89	25,04
25,04	2,91	25,04
25,06	2,91	25,06
25,06	2,91	25,06
25,07	2,91	25,07
25,06	2,91	25,06
25,07	2,91	25,07
25,07	2,91	25,07
25,09	2,91	25,09
25,09	2,91	25,09
25,09	2,92	25,09
25,10	2,91	25,10
25,09	2,92	25,09
25,10	2,92	25,10
25,12	2,91	25,12
25,10	2,92	25,10
25,12	2,92	25,12
25,12	2,94	25,12
25,12	2,92	25,12
25,13	2,92	25,13
25,13	2,94	25,13
25,15	2,92	25,15
25,13	2,94	25,13
25,16	2,94	25,16
25,15	2,94	25,15
25,16	2,94	25,16
25,16	2,95	25,16
25,16	2,94	25,16
25,18	2,94	25,18
25,18	2,95	25,18
25,19	2,95	25,19
25,18	2,94	25,18
25,18	2,95	25,18
25,19	2,95	25,19
25,19	2,95	25,19
25,21	2,97	25,21
25,21	2,95	25,21
25,22	2,95	25,22
25,22	2,95	25,22
25,22	2,97	25,22
25,22	2,97	25,22
25,24	2,97	25,24
25,24	2,95	25,24
25,24	2,97	25,24
25,25	2,98	25,25
25,24	2,97	25,24
25,25	2,98	25,25
25,25	2,97	25,25
25,27	2,98	25,27
25,27	2,98	25,27
25,27	2,98	25,27
25,28	2,98	25,28
25,28	2,98	25,28
25,28	2,98	25,28
25,30	2,98	25,30
25,30	2,98	25,30
25,30	3,00	25,30
25,31	3,00	25,31
25,31	2,98	25,31
25,31	3,00	25,31
25,31	3,00	25,31
25,31	3,00	25,31
25,33	3,01	25,33
25,33	3,00	25,33
25,34	3,00	25,34
25,34	3,01	25,34
25,34	3,01	25,34
25,34	3,01	25,34
25,36	3,01	25,36
25,36	3,01	25,36
25,36	3,01	25,36
25,36	3,03	25,36
25,36	3,01	25,36
25,36	3,01	25,36
25,37	3,03	25,37
25,37	3,03	25,37
25,39	3,03	25,39
25,39	3,03	25,39
25,39	3,03	25,39
25,39	3,04	25,39
25,40	3,03	25,40
25,40	3,03	25,40
25,40	3,04	25,40
25,40	3,04	25,40
25,42	3,04	25,42
25,42	3,04	25,42
25,43	3,06	25,43
25,43	3,06	25,43
25,43	3,06	25,43
25,43	3,06	25,43
25,45	3,06	25,45
25,45	3,06	25,45
25,45	3,06	25,45
25,46	3,06	25,46
25,48	3,07	25,48
25,49	3,07	25,49
25,51	3,06	25,51
25,52	3,07	25,52
25,52	3,07	25,52
25,54	3,07	25,54
25,55	3,07	25,55
25,58	3,09	25,58
25,58	3,09	25,58
25,60	3,07	25,60
25,61	3,09	25,61
25,63	3,09	25,63
25,66	3,10	25,66
25,66	3,09	25,66
25,69	3,10	25,69
25,71	3,10	25,71
25,71	3,10	25,71
25,72	3,12	25,72
25,75	3,12	25,75
25,75	3,13	25,75
25,77	3,13	25,77
25,80	3,15	25,80
25,80	3,15	25,80
25,81	3,15	25,81
25,83	3,15	25,83
25,84	3,16	25,84
25,86	3,18	25,86
25,87	3,19	25,87
25,89	3,19	25,89
25,90	3,19	25,90
25,92	3,21	25,92
25,93	3,21	25,93
25,95	3,22	25,95
25,95	3,24	25,95
25,98	3,24	25,98
25,99	3,25	25,99
25,99	3,27	25,99
26,02	3,27	26,02
26,02	3,27	26,02
26,04	3,30	26,04
26,05	3,30	26,05
26,07	3,31	26,07
26,08	3,31	26,08
26,08	3,33	26,08
26,11	3,34	26,11
26,13	3,36	26,13
26,13	3,36	26,13
26,14	3,37	26,14
26,16	3,39	26,16
26,17	3,40	26,17
26,19	3,42	26,19
26,20	3,43	26,20
26,22	3,45	26,22
26,23	3,45	26,23
26,25	3,46	26,25
26,25	3,48	26,25
26,26	3,51	26,26
26,28	3,51	26,28
26,31	3,51	26,31
26,31	3,52	26,31
26,32	3,55	26,32
26,34	3,55	26,34
26,34	3,57	26,34
26,35	3,57	26,35
26,37	3,60	26,37
26,38	3,61	26,38
26,40	3,63	26,40
26,41	3,63	26,41
26,43	3,64	26,43
26,44	3,68	26,44
26,44	3,68	26,44
26,46	3,69	26,46
26,47	3,71	26,47
26,49	3,71	26,49
26,50	3,74	26,50
26,50	3,74	26,50
26,52	3,75	26,52
26,53	3,77	26,53
26,55	3,78	26,55
26,56	3,80	26,56
26,58	3,81	26,58
26,58	3,81	26,58
26,59	3,83	26,59
26,59	3,84	26,59
26,62	3,86	26,62
26,62	3,87	26,62
26,65	3,89	26,65
26,65	3,90	26,65
26,67	3,89	26,67
26,68	3,92	26,68
26,70	3,92	26,70
26,71	3,95	26,71
26,71	3,95	26,71
26,73	3,96	26,73
26,74	3,99	26,74
26,74	3,99	26,74
26,76	4,01	26,76
26,77	4,01	26,77
26,79	4,04	26,79
26,80	4,04	26,80
26,80	4,05	26,80
26,82	4,07	26,82
26,83	4,08	26,83
26,83	4,08	26,83
26,85	4,10	26,85
26,88	4,11	26,88
26,88	4,13	26,88
26,89	4,13	26,89
26,89	4,14	26,89
26,92	4,14	26,92
26,92	4,16	26,92
26,94	4,17	26,94
26,94	4,17	26,94
26,95	4,20	26,95
26,97	4,20	26,97
26,98	4,20	26,98
26,98	4,22	26,98
27,00	4,22	27,00
27,01	4,23	27,01
27,03	4,25	27,03
27,03	4,26	27,03
27,04	4,26	27,04
27,06	4,28	27,06
27,06	4,28	27,06
27,07	4,29	27,07
27,09	4,29	27,09
27,10	4,31	27,10
27,10	4,32	27,10
27,12	4,32	27,12
27,13	4,34	27,13
27,13	4,34	27,13
27,15	4,34	27,15
27,16	4,35	27,16
27,16	4,35	27,16
27,18	4,37	27,18
27,19	4,37	27,19
27,21	4,38	27,21
27,22	4,37	27,22
27,24	4,38	27,24
27,22	4,38	27,22
27,25	4,40	27,25
27,25	4,40	27,25
27,25	4,40	27,25
27,27	4,41	27,27
27,30	4,40	27,30
27,30	4,41	27,30
27,31	4,41	27,31
27,31	4,41	27,31
27,33	4,41	27,33
27,33	4,43	27,33
27,34	4,43	27,34
27,36	4,43	27,36
27,37	4,43	27,37
27,39	4,43	27,39
27,39	4,43	27,39
27,40	4,44	27,40
27,40	4,44	27,40
27,42	4,44	27,42
27,43	4,43	27,43
27,45	4,44	27,45
27,45	4,44	27,45
27,46	4,44	27,46
27,46	4,44	27,46
27,48	4,43	27,48
27,48	4,43	27,48
27,51	4,43	27,51
27,51	4,44	27,51
27,53	4,43	27,53
27,54	4,43	27,54
27,54	4,44	27,54
27,54	4,43	27,54
27,57	4,43	27,57
27,57	4,41	27,57
27,59	4,41	27,59
27,59	4,41	27,59
27,60	4,43	27,60
27,60	4,43	27,60
27,62	4,43	27,62
27,63	4,43	27,63
27,63	4,41	27,63
27,65	4,43	27,65
27,66	4,41	27,66
27,66	4,40	27,66
27,68	4,41	27,68
27,68	4,40	27,68
27,69	4,40	27,69
27,69	4,40	27,69
27,71	4,40	27,71
27,72	4,40	27,72
27,74	4,40	27,74
27,75	4,40	27,75
27,75	4,38	27,75
27,75	4,38	27,75
27,77	4,38	27,77
27,78	4,37	27,78
27,78	4,38	27,78
27,80	4,37	27,80
27,81	4,37	27,81
27,81	4,37	27,81
27,83	4,38	27,83
27,83	4,37	27,83
27,84	4,37	27,84
27,86	4,35	27,86
27,86	4,35	27,86
27,86	4,35	27,86
27,89	4,35	27,89
27,89	4,35	27,89
27,89	4,35	27,89
27,90	4,34	27,90
27,90	4,35	27,90
27,92	4,34	27,92
27,93	4,34	27,93
27,93	4,34	27,93
27,95	4,34	27,95
27,96	4,34	27,96
27,96	4,32	27,96
27,98	4,32	27,98
27,98	4,32	27,98
27,99	4,32	27,99
28,01	4,31	28,01
28,01	4,32	28,01
28,01	4,31	28,01
28,02	4,31	28,02
28,02	4,29	28,02
28,04	4,31	28,04
28,04	4,29	28,04
28,05	4,31	28,05
28,07	4,29	28,07
28,07	4,29	28,07
28,08	4,29	28,08
28,08	4,29	28,08
28,10	4,28	28,10
28,10	4,28	28,10
28,11	4,28	28,11
28,11	4,28	28,11
28,13	4,28	28,13
28,14	4,26	28,14
28,14	4,26	28,14
28,16	4,26	28,16
28,16	4,26	28,16
28,17	4,26	28,17
28,19	4,26	28,19
28,17	4,25	28,17
28,20	4,26	28,20
28,20	4,25	28,20
28,20	4,25	28,20
28,22	4,25	28,22
28,22	4,25	28,22
28,23	4,25	28,23
28,23	4,25	28,23
28,25	4,25	28,25
28,26	4,23	28,26
28,26	4,23	28,26
28,26	4,23	28,26
28,28	4,22	28,28
28,29	4,23	28,29
28,29	4,23	28,29
28,31	4,22	28,31
28,31	4,22	28,31
28,32	4,23	28,32
28,32	4,22	28,32
28,34	4,22	28,34
28,34	4,22	28,34
28,35	4,22	28,35
28,35	4,22	28,35
28,37	4,22	28,37
28,38	4,22	28,38
28,38	4,22	28,38
28,38	4,20	28,38
28,40	4,20	28,40
28,41	4,22	28,41
28,41	4,22	28,41
28,43	4,20	28,43
28,43	4,20	28,43
28,44	4,22	28,44
28,44	4,20	28,44
28,46	4,20	28,46
28,46	4,20	28,46
28,46	4,20	28,46
28,47	4,20	28,47
28,49	4,20	28,49
28,49	4,20	28,49
28,50	4,20	28,50
28,50	4,20	28,50
28,52	4,20	28,52
28,52	4,20	28,52
28,53	4,19	28,53
28,52	4,19	28,52
28,53	4,19	28,53
28,55	4,20	28,55
28,55	4,19	28,55
28,56	4,19	28,56
28,56	4,19	28,56
28,58	4,20	28,58
28,59	4,19	28,59
28,59	4,20	28,59
28,61	4,20	28,61
28,59	4,19	28,59
28,61	4,19	28,61
28,62	4,20	28,62
28,62	4,19	28,62
28,62	4,19	28,62
28,65	4,19	28,65
28,64	4,19	28,64
28,65	4,19	28,65
28,65	4,19	28,65
28,67	4,19	28,67
28,68	4,19	28,68
28,68	4,19	28,68
28,68	4,19	28,68
28,70	4,19	28,70
28,70	4,19	28,70
28,71	4,19	28,71
28,71	4,19	28,71
28,71	4,19	28,71
28,73	4,19	28,73
28,73	4,19	28,73
28,74	4,19	28,74
28,74	4,17	28,74
28,76	4,17	28,76
28,77	4,19	28,77
28,77	4,19	28,77
28,77	4,19	28,77
28,77	4,17	28,77
28,79	4,17	28,79
28,79	4,17	28,79
28,80	4,19	28,80
28,82	4,17	28,82
28,80	4,17	28,80
28,82	4,17	28,82
28,83	4,19	28,83
28,83	4,17	28,83
28,85	4,17	28,85
28,85	4,17	28,85
28,85	4,16	28,85
28,86	4,17	28,86
28,86	4,16	28,86
28,88	4,17	28,88
28,88	4,17	28,88
28,89	4,17	28,89
28,89	4,16	28,89
28,91	4,16	28,91
28,89	4,17	28,89
28,91	4,17	28,91
28,91	4,16	28,91
28,92	4,17	28,92
28,92	4,17	28,92
28,94	4,17	28,94
28,94	4,16	28,94
28,95	4,16	28,95
28,95	4,16	28,95
28,97	4,16	28,97
28,95	4,16	28,95
28,97	4,16	28,97
28,98	4,16	28,98
28,98	4,16	28,98
28,98	4,16	28,98
29,00	4,16	29,00
29,01	4,16	29,01
29,01	4,16	29,01
29,03	4,16	29,03
29,01	4,16	29,01
29,03	4,17	29,03
29,03	4,16	29,03
29,03	4,16	29,03
29,04	4,16	29,04
29,04	4,16	29,04
29,06	4,16	29,06
29,07	4,16	29,07
29,07	4,17	29,07
29,07	4,16	29,07
29,09	4,16	29,09
29,09	4,14	29,09
29,10	4,16	29,10
29,09	4,16	29,09
29,10	4,16	29,10
29,10	4,16	29,10
29,12	4,16	29,12
29,13	4,16	29,13
29,12	4,16	29,12
29,13	4,16	29,13
29,15	4,17	29,15
29,15	4,16	29,15
29,15	4,17	29,15
29,16	4,17	29,16
29,16	4,17	29,16
29,16	4,16	29,16
29,16	4,16	29,16
29,19	4,16	29,19
29,19	4,17	29,19
29,19	4,17	29,19
29,19	4,16	29,19
29,19	4,16	29,19
29,21	4,17	29,21
29,21	4,16	29,21
29,21	4,17	29,21
29,22	4,16	29,22
29,22	4,16	29,22
29,24	4,16	29,24
29,24	4,17	29,24
29,24	4,17	29,24
29,25	4,17	29,25
29,25	4,17	29,25
29,27	4,16	29,27
29,27	4,16	29,27
29,27	4,17	29,27
29,28	4,17	29,28
29,28	4,17	29,28
29,28	4,17	29,28
29,30	4,17	29,30
29,30	4,19	29,30
29,31	4,17	29,31
29,31	4,17	29,31
29,31	4,17	29,31
29,33	4,17	29,33
29,33	4,17	29,33
29,33	4,17	29,33
29,35	4,19	29,35
29,35	4,17	29,35
29,35	4,19	29,35
29,36	4,19	29,36
29,36	4,17	29,36
29,38	4,17	29,38
29,38	4,19	29,38
29,36	4,19	29,36
29,39	4,19	29,39
29,39	4,19	29,39
29,39	4,19	29,39
29,39	4,20	29,39
29,41	4,19	29,41
29,41	4,20	29,41
29,42	4,19	29,42
29,42	4,19	29,42
29,44	4,20	29,44
29,44	4,20	29,44
29,44	4,20	29,44
29,44	4,20	29,44
29,44	4,20	29,44
29,45	4,20	29,45
29,45	4,20	29,45
29,45	4,22	29,45
29,47	4,20	29,47
29,47	4,20	29,47
29,48	4,20	29,48
29,48	4,22	29,48
29,48	4,22	29,48
29,50	4,22	29,50
29,50	4,22	29,50
29,50	4,22	29,50
29,50	4,22	29,50
29,51	4,22	29,51
29,51	4,22	29,51
29,51	4,23	29,51
29,53	4,22	29,53
29,53	4,22	29,53
29,54	4,23	29,54
29,54	4,23	29,54
29,56	4,23	29,56
29,54	4,23	29,54
29,56	4,22	29,56
29,56	4,23	29,56
29,56	4,23	29,56
29,56	4,23	29,56
29,57	4,23	29,57
29,57	4,25	29,57
29,59	4,23	29,59
29,59	4,23	29,59
29,59	4,25	29,59
29,60	4,25	29,60
29,60	4,23	29,60
29,60	4,25	29,60
29,62	4,25	29,62
29,62	4,26	29,62
29,62	4,25	29,62
29,62	4,25	29,62
29,63	4,26	29,63
29,63	4,26	29,63
29,63	4,26	29,63
29,63	4,26	29,63
29,65	4,26	29,65
29,65	4,26	29,65
29,66	4,26	29,66
29,66	4,26	29,66
29,68	4,26	29,68
29,66	4,26	29,66
29,68	4,26	29,68
29,68	4,26	29,68
29,68	4,28	29,68
29,69	4,28	29,69
29,69	4,28	29,69
29,69	4,28	29,69
29,71	4,28	29,71
29,71	4,28	29,71
29,71	4,29	29,71
29,72	4,29	29,72
29,71	4,29	29,71
29,72	4,28	29,72
29,72	4,29	29,72
29,74	4,29	29,74
29,74	4,29	29,74
29,75	4,31	29,75
29,74	4,29	29,74
29,75	4,29	29,75
29,75	4,29	29,75
29,75	4,31	29,75
29,75	4,31	29,75
29,77	4,29	29,77
29,77	4,31	29,77
29,78	4,31	29,78
29,78	4,31	29,78
29,78	4,31	29,78
29,80	4,31	29,80
29,80	4,31	29,80
29,80	4,32	29,80
29,80	4,32	29,80
29,80	4,32	29,80
29,81	4,32	29,81
29,81	4,32	29,81
29,83	4,32	29,83
29,83	4,32	29,83
29,83	4,32	29,83
29,83	4,32	29,83
29,84	4,32	29,84
29,84	4,32	29,84
29,84	4,34	29,84
29,86	4,34	29,86
29,86	4,34	29,86
29,86	4,32	29,86
29,86	4,32	29,86
29,86	4,32	29,86
29,86	4,32	29,86
29,87	4,32	29,87
29,87	4,32	29,87
29,87	4,32	29,87
29,89	4,34	29,89
29,87	4,34	29,87
29,89	4,34	29,89
29,90	4,34	29,90
29,90	4,34	29,90
29,90	4,34	29,90
29,92	4,32	29,92
29,92	4,34	29,92
29,92	4,34	29,92
29,92	4,34	29,92
29,92	4,34	29,92
29,92	4,34	29,92
29,93	4,34	29,93
29,95	4,34	29,95
29,95	4,35	29,95
29,93	4,35	29,93
29,95	4,35	29,95
29,95	4,34	29,95
29,95	4,34	29,95
29,95	4,35	29,95
29,96	4,34	29,96
29,98	4,35	29,98
29,96	4,35	29,96
29,98	4,34	29,98
29,98	4,34	29,98
29,98	4,35	29,98
29,99	4,34	29,99
29,99	4,35	29,99
30,01	4,34	30,01
29,99	4,34	29,99
30,01	4,34	30,01
30,01	4,34	30,01
30,01	4,34	30,01
30,01	4,34	30,01
30,02	4,34	30,02
30,02	4,34	30,02
30,01	4,34	30,01
30,02	4,35	30,02
30,04	4,35	30,04
30,04	4,34	30,04
30,04	4,34	30,04
30,04	4,34	30,04
30,05	4,35	30,05
30,05	4,34	30,05
30,05	4,34	30,05
30,05	4,35	30,05
30,05	4,35	30,05
30,07	4,34	30,07
30,07	4,35	30,07
30,07	4,35	30,07
30,08	4,35	30,08
30,08	4,34	30,08
30,08	4,35	30,08
30,08	4,37	30,08
30,10	4,37	30,10
30,10	4,35	30,10
30,10	4,35	30,10
30,10	4,35	30,10
30,10	4,35	30,10
30,11	4,35	30,11
30,11	4,35	30,11
30,11	4,35	30,11
30,11	4,37	30,11
30,11	4,37	30,11
30,13	4,37	30,13
30,13	4,35	30,13
30,11	4,37	30,11
30,13	4,37	30,13
30,14	4,37	30,14
30,14	4,37	30,14
30,14	4,35	30,14
30,16	4,37	30,16
30,16	4,37	30,16
30,16	4,37	30,16
30,16	4,37	30,16
30,17	4,37	30,17
30,17	4,38	30,17
30,16	4,38	30,16
30,17	4,38	30,17
30,17	4,38	30,17
30,19	4,38	30,19
30,19	4,38	30,19
30,19	4,38	30,19
30,19	4,38	30,19
30,19	4,38	30,19
30,20	4,40	30,20
30,19	4,38	30,19
30,22	4,38	30,22
30,20	4,40	30,20
30,20	4,38	30,20
30,22	4,40	30,22
30,22	4,40	30,22
30,22	4,40	30,22
30,22	4,40	30,22
30,23	4,40	30,23
30,23	4,40	30,23
30,23	4,40	30,23
30,23	4,40	30,23
30,23	4,40	30,23
30,23	4,41	30,23
30,25	4,41	30,25
30,25	4,41	30,25
30,25	4,41	30,25
30,25	4,41	30,25
30,26	4,41	30,26
30,25	4,41	30,25
30,26	4,41	30,26
30,26	4,41	30,26
30,28	4,41	30,28
30,28	4,43	30,28
30,28	4,43	30,28
30,28	4,43	30,28
30,28	4,43	30,28
30,29	4,44	30,29
30,29	4,44	30,29
30,29	4,44	30,29
30,29	4,44	30,29
30,31	4,44	30,31
30,31	4,44	30,31
30,31	4,44	30,31
30,31	4,44	30,31
30,29	4,44	30,29
30,31	4,43	30,31
30,31	4,44	30,31
30,32	4,43	30,32
30,32	4,44	30,32
30,32	4,44	30,32
30,34	4,43	30,34
30,32	4,44	30,32
30,32	4,46	30,32
30,34	4,44	30,34
30,34	4,44	30,34
30,35	4,46	30,35
30,35	4,44	30,35
30,35	4,46	30,35
30,35	4,44	30,35
30,35	4,44	30,35
30,35	4,46	30,35
30,37	4,46	30,37
30,35	4,46	30,35
30,37	4,44	30,37
30,37	4,46	30,37
30,38	4,47	30,38
30,38	4,46	30,38
30,37	4,46	30,37
30,38	4,47	30,38
30,38	4,46	30,38
30,40	4,46	30,40
30,40	4,47	30,40
30,40	4,47	30,40
30,40	4,47	30,40
30,40	4,47	30,40
30,40	4,47	30,40
30,40	4,47	30,40
30,40	4,47	30,40
30,41	4,49	30,41
30,41	4,49	30,41
30,41	4,49	30,41
30,43	4,49	30,43
30,43	4,49	30,43
30,43	4,50	30,43
30,43	4,50	30,43
30,43	4,50	30,43
30,43	4,50	30,43
30,43	4,50	30,43
30,43	4,50	30,43
30,44	4,50	30,44
30,44	4,52	30,44
30,46	4,52	30,46
30,46	4,52	30,46
30,46	4,52	30,46
30,44	4,52	30,44
30,47	4,52	30,47
30,47	4,53	30,47
30,47	4,53	30,47
30,46	4,53	30,46
30,47	4,55	30,47
30,47	4,55	30,47
30,47	4,56	30,47
30,47	4,56	30,47
30,49	4,56	30,49
30,49	4,58	30,49
30,49	4,58	30,49
30,49	4,58	30,49
30,49	4,59	30,49
30,49	4,59	30,49
30,50	4,61	30,50
30,50	4,59	30,50
30,50	4,62	30,50
30,50	4,62	30,50
30,50	4,62	30,50
30,52	4,62	30,52
30,50	4,62	30,50
30,52	4,65	30,52
30,52	4,64	30,52
30,52	4,65	30,52
30,52	4,65	30,52
30,53	4,65	30,53
30,52	4,67	30,52
30,53	4,67	30,53
30,53	4,68	30,53
30,53	4,70	30,53
30,55	4,68	30,55
30,55	4,70	30,55
30,55	4,70	30,55
30,55	4,71	30,55
30,55	4,71	30,55
30,55	4,73	30,55
30,56	4,73	30,56
30,55	4,74	30,55
30,55	4,74	30,55
30,56	4,76	30,56
30,56	4,76	30,56
30,56	4,76	30,56
30,58	4,77	30,58
30,56	4,77	30,56
30,56	4,77	30,56
30,58	4,79	30,58
30,59	4,79	30,59
30,58	4,80	30,58
30,59	4,80	30,59
30,58	4,80	30,58
30,59	4,82	30,59
30,59	4,82	30,59
30,59	4,83	30,59
30,59	4,83	30,59
30,61	4,83	30,61
30,61	4,85	30,61
30,61	4,83	30,61
30,61	4,85	30,61
30,61	4,86	30,61
30,59	4,86	30,59
30,62	4,86	30,62
30,62	4,86	30,62
30,61	4,88	30,61
30,62	4,88	30,62
30,64	4,88	30,64
30,62	4,90	30,62
30,62	4,90	30,62
30,62	4,90	30,62
30,64	4,91	30,64
30,64	4,90	30,64
30,64	4,91	30,64
30,64	4,93	30,64
30,64	4,93	30,64
30,65	4,93	30,65
30,65	4,93	30,65
30,65	4,94	30,65
30,65	4,94	30,65
30,65	4,96	30,65
30,65	4,94	30,65
30,65	4,97	30,65
30,67	4,94	30,67
30,67	4,96	30,67
30,67	4,96	30,67
30,67	4,97	30,67
30,67	4,97	30,67
30,67	4,97	30,67
30,67	4,99	30,67
30,67	4,97	30,67
30,67	4,99	30,67
30,67	4,99	30,67
30,68	5,00	30,68
30,68	5,00	30,68
30,70	5,00	30,70
30,70	5,00	30,70
30,70	5,00	30,70
30,70	5,02	30,70
30,70	5,02	30,70
30,70	5,02	30,70
30,70	5,02	30,70
30,70	5,03	30,70
30,70	5,02	30,70
30,70	5,02	30,70
30,71	5,03	30,71
30,71	5,03	30,71
30,71	5,03	30,71
30,71	5,03	30,71
30,73	5,05	30,73
30,73	5,03	30,73
30,73	5,03	30,73
30,73	5,03	30,73
30,73	5,05	30,73
30,71	5,05	30,71
30,73	5,06	30,73
30,73	5,05	30,73
30,74	5,06	30,74
30,74	5,06	30,74
30,74	5,06	30,74
30,73	5,08	30,73
30,73	5,06	30,73
30,74	5,08	30,74
30,76	5,06	30,76
30,76	5,08	30,76
30,74	5,09	30,74
30,76	5,08	30,76
30,74	5,09	30,74
30,77	5,08	30,77
