Analógico 2	Analógico 1	Analógico 2
U2/V	U1/V	U2/V

0,36	0,29	0,36
0,38	0,29	0,38
0,38	0,27	0,38
0,36	0,30	0,36
0,36	0,29	0,36
0,36	0,29	0,36
0,38	0,29	0,38
0,38	0,29	0,38
0,36	0,29	0,36
0,38	0,29	0,38
0,36	0,29	0,36
0,38	0,29	0,38
0,38	0,30	0,38
0,38	0,30	0,38
0,38	0,29	0,38
0,36	0,30	0,36
0,36	0,29	0,36
0,36	0,29	0,36
0,36	0,27	0,36
0,38	0,30	0,38
0,36	0,30	0,36
0,36	0,29	0,36
0,36	0,29	0,36
0,38	0,29	0,38
0,36	0,29	0,36
0,38	0,29	0,38
0,36	0,29	0,36
0,36	0,29	0,36
0,35	0,29	0,35
0,36	0,30	0,36
0,36	0,30	0,36
0,36	0,30	0,36
0,36	0,29	0,36
0,36	0,29	0,36
0,38	0,29	0,38
0,36	0,29	0,36
0,38	0,27	0,38
0,38	0,30	0,38
0,41	0,29	0,41
0,42	0,30	0,42
0,47	0,29	0,47
0,50	0,29	0,50
0,54	0,29	0,54
0,60	0,29	0,60
0,65	0,29	0,65
0,69	0,29	0,69
0,75	0,29	0,75
0,80	0,29	0,80
0,86	0,30	0,86
0,93	0,29	0,93
0,99	0,30	0,99
1,07	0,29	1,07
1,16	0,29	1,16
1,22	0,29	1,22
1,28	0,29	1,28
1,34	0,29	1,34
1,41	0,30	1,41
1,49	0,30	1,49
1,56	0,30	1,56
1,62	0,30	1,62
1,70	0,29	1,70
1,76	0,29	1,76
1,82	0,29	1,82
1,90	0,30	1,90
1,97	0,30	1,97
2,03	0,32	2,03
2,09	0,30	2,09
2,17	0,30	2,17
2,23	0,30	2,23
2,30	0,29	2,30
2,36	0,30	2,36
2,42	0,30	2,42
2,50	0,30	2,50
2,56	0,30	2,56
2,63	0,30	2,63
2,69	0,30	2,69
2,75	0,30	2,75
2,81	0,30	2,81
2,87	0,30	2,87
2,95	0,32	2,95
3,01	0,32	3,01
3,08	0,30	3,08
3,14	0,32	3,14
3,20	0,30	3,20
3,26	0,32	3,26
3,32	0,32	3,32
3,40	0,32	3,40
3,44	0,33	3,44
3,52	0,35	3,52
3,58	0,33	3,58
3,65	0,35	3,65
3,72	0,33	3,72
3,78	0,35	3,78
3,84	0,35	3,84
3,90	0,35	3,90
3,96	0,35	3,96
4,00	0,36	4,00
4,08	0,36	4,08
4,14	0,35	4,14
4,20	0,36	4,20
4,26	0,36	4,26
4,32	0,36	4,32
4,38	0,38	4,38
4,44	0,38	4,44
4,50	0,38	4,50
4,56	0,39	4,56
4,62	0,41	4,62
4,68	0,39	4,68
4,74	0,41	4,74
4,80	0,41	4,80
4,86	0,42	4,86
4,92	0,42	4,92
4,98	0,42	4,98
5,04	0,44	5,04
5,08	0,44	5,08
5,14	0,44	5,14
5,20	0,44	5,20
5,26	0,44	5,26
5,31	0,44	5,31
5,38	0,45	5,38
5,44	0,47	5,44
5,49	0,45	5,49
5,55	0,45	5,55
5,61	0,45	5,61
5,67	0,47	5,67
5,73	0,47	5,73
5,78	0,47	5,78
5,85	0,47	5,85
5,90	0,47	5,90
5,96	0,48	5,96
6,00	0,47	6,00
6,06	0,47	6,06
6,12	0,47	6,12
6,17	0,47	6,17
6,23	0,48	6,23
6,29	0,48	6,29
6,33	0,47	6,33
6,39	0,48	6,39
6,44	0,47	6,44
6,50	0,48	6,50
6,56	0,48	6,56
6,60	0,48	6,60
6,66	0,48	6,66
6,72	0,47	6,72
6,77	0,48	6,77
6,83	0,48	6,83
6,87	0,48	6,87
6,93	0,50	6,93
6,99	0,48	6,99
7,05	0,48	7,05
7,10	0,50	7,10
7,14	0,50	7,14
7,19	0,50	7,19
7,25	0,50	7,25
7,31	0,50	7,31
7,36	0,51	7,36
7,40	0,51	7,40
7,46	0,51	7,46
7,52	0,51	7,52
7,58	0,51	7,58
7,63	0,51	7,63
7,67	0,53	7,67
7,72	0,54	7,72
7,78	0,53	7,78
7,82	0,54	7,82
7,88	0,54	7,88
7,93	0,54	7,93
7,97	0,56	7,97
8,03	0,56	8,03
8,08	0,56	8,08
8,12	0,57	8,12
8,17	0,57	8,17
8,23	0,59	8,23
8,27	0,59	8,27
8,33	0,60	8,33
8,38	0,59	8,38
8,42	0,62	8,42
8,47	0,62	8,47
8,51	0,62	8,51
8,57	0,63	8,57
8,62	0,65	8,62
8,66	0,65	8,66
8,71	0,66	8,71
8,77	0,66	8,77
8,81	0,68	8,81
8,86	0,68	8,86
8,90	0,69	8,90
8,96	0,71	8,96
9,01	0,71	9,01
9,05	0,72	9,05
9,10	0,74	9,10
9,16	0,72	9,16
9,19	0,74	9,19
9,25	0,74	9,25
9,30	0,77	9,30
9,34	0,77	9,34
9,39	0,77	9,39
9,43	0,78	9,43
9,49	0,80	9,49
9,54	0,80	9,54
9,58	0,81	9,58
9,63	0,81	9,63
9,67	0,83	9,67
9,70	0,83	9,70
9,76	0,84	9,76
9,81	0,84	9,81
9,84	0,84	9,84
9,90	0,87	9,90
9,94	0,86	9,94
9,99	0,86	9,99
10,03	0,87	10,03
10,08	0,87	10,08
10,12	0,87	10,12
10,17	0,89	10,17
10,20	0,87	10,20
10,26	0,87	10,26
10,30	0,87	10,30
10,35	0,89	10,35
10,39	0,89	10,39
10,42	0,87	10,42
10,48	0,87	10,48
10,51	0,87	10,51
10,57	0,89	10,57
10,62	0,89	10,62
10,66	0,87	10,66
10,69	0,87	10,69
10,74	0,87	10,74
10,78	0,87	10,78
10,83	0,86	10,83
10,87	0,86	10,87
10,92	0,87	10,92
10,95	0,86	10,95
11,01	0,87	11,01
11,04	0,87	11,04
11,09	0,87	11,09
11,12	0,86	11,12
11,16	0,86	11,16
11,21	0,86	11,21
11,25	0,86	11,25
11,30	0,86	11,30
11,34	0,86	11,34
11,39	0,89	11,39
11,42	0,87	11,42
11,46	0,86	11,46
11,49	0,87	11,49
11,55	0,87	11,55
11,58	0,89	11,58
11,63	0,87	11,63
11,66	0,89	11,66
11,70	0,89	11,70
11,75	0,90	11,75
11,78	0,89	11,78
11,82	0,90	11,82
11,87	0,90	11,87
11,91	0,92	11,91
11,96	0,92	11,96
11,99	0,92	11,99
12,03	0,92	12,03
12,06	0,93	12,06
12,11	0,93	12,11
12,14	0,95	12,14
12,17	0,95	12,17
12,23	0,96	12,23
12,27	0,96	12,27
12,30	0,98	12,30
12,35	0,99	12,35
12,38	0,99	12,38
12,42	0,99	12,42
12,45	1,01	12,45
12,50	1,02	12,50
12,54	1,01	12,54
12,57	1,02	12,57
12,62	1,04	12,62
12,65	1,05	12,65
12,69	1,05	12,69
12,72	1,05	12,72
12,77	1,08	12,77
12,80	1,08	12,80
12,85	1,11	12,85
12,88	1,13	12,88
12,92	1,11	12,92
12,95	1,13	12,95
13,00	1,14	13,00
13,03	1,14	13,03
13,07	1,16	13,07
13,10	1,19	13,10
13,15	1,19	13,15
13,19	1,19	13,19
13,22	1,22	13,22
13,25	1,22	13,25
13,30	1,24	13,30
13,33	1,25	13,33
13,37	1,27	13,37
13,40	1,28	13,40
13,43	1,30	13,43
13,46	1,31	13,46
13,51	1,31	13,51
13,55	1,33	13,55
13,57	1,36	13,57
13,61	1,36	13,61
13,64	1,39	13,64
13,69	1,39	13,69
13,72	1,40	13,72
13,76	1,42	13,76
13,79	1,43	13,79
13,82	1,45	13,82
13,87	1,46	13,87
13,90	1,48	13,90
13,94	1,48	13,94
13,97	1,51	13,97
14,00	1,51	14,00
14,03	1,54	14,03
14,08	1,55	14,08
14,11	1,55	14,11
14,15	1,55	14,15
14,17	1,57	14,17
14,21	1,58	14,21
14,24	1,61	14,24
14,27	1,61	14,27
14,32	1,61	14,32
14,35	1,64	14,35
14,38	1,64	14,38
14,42	1,64	14,42
14,44	1,64	14,44
14,48	1,64	14,48
14,51	1,67	14,51
14,54	1,67	14,54
14,59	1,67	14,59
14,62	1,67	14,62
14,65	1,67	14,65
14,68	1,67	14,68
14,71	1,67	14,71
14,74	1,69	14,74
14,77	1,69	14,77
14,82	1,67	14,82
14,85	1,67	14,85
14,88	1,67	14,88
14,91	1,67	14,91
14,94	1,67	14,94
14,98	1,67	14,98
15,01	1,66	15,01
15,04	1,66	15,04
15,07	1,64	15,07
15,12	1,64	15,12
15,13	1,64	15,13
15,16	1,64	15,16
15,21	1,64	15,21
15,24	1,63	15,24
15,25	1,63	15,25
15,30	1,61	15,30
15,33	1,61	15,33
15,36	1,61	15,36
15,39	1,61	15,39
15,43	1,60	15,43
15,46	1,58	15,46
15,48	1,58	15,48
15,51	1,58	15,51
15,55	1,60	15,55
15,57	1,58	15,57
15,61	1,58	15,61
15,64	1,58	15,64
15,66	1,58	15,66
15,70	1,58	15,70
15,73	1,57	15,73
15,76	1,58	15,76
15,79	1,58	15,79
15,82	1,57	15,82
15,85	1,57	15,85
15,88	1,57	15,88
15,91	1,57	15,91
15,94	1,57	15,94
15,96	1,57	15,96
16,00	1,57	16,00
16,03	1,57	16,03
16,05	1,58	16,05
16,09	1,58	16,09
16,12	1,60	16,12
16,15	1,58	16,15
16,18	1,58	16,18
16,20	1,61	16,20
16,24	1,61	16,24
16,26	1,61	16,26
16,29	1,63	16,29
16,32	1,63	16,32
16,35	1,63	16,35
16,38	1,63	16,38
16,41	1,64	16,41
16,44	1,66	16,44
16,45	1,66	16,45
16,50	1,67	16,50
16,52	1,67	16,52
16,55	1,67	16,55
16,58	1,69	16,58
16,61	1,70	16,61
16,62	1,70	16,62
16,65	1,70	16,65
16,68	1,72	16,68
16,71	1,75	16,71
16,76	1,75	16,76
16,79	1,75	16,79
16,80	1,75	16,80
16,83	1,78	16,83
16,86	1,79	16,86
16,89	1,79	16,89
16,91	1,81	16,91
16,95	1,81	16,95
16,97	1,84	16,97
16,98	1,84	16,98
17,01	1,85	17,01
17,04	1,87	17,04
17,07	1,88	17,07
17,10	1,88	17,10
17,13	1,90	17,13
17,15	1,91	17,15
17,18	1,94	17,18
17,21	1,94	17,21
17,24	1,94	17,24
17,25	1,97	17,25
17,30	1,97	17,30
17,33	1,99	17,33
17,34	2,00	17,34
17,37	2,03	17,37
17,40	2,03	17,40
17,42	2,05	17,42
17,45	2,06	17,45
17,48	2,06	17,48
17,51	2,09	17,51
17,52	2,11	17,52
17,55	2,12	17,55
17,58	2,14	17,58
17,60	2,14	17,60
17,63	2,17	17,63
17,66	2,18	17,66
17,67	2,20	17,67
17,70	2,21	17,70
17,73	2,21	17,73
17,76	2,24	17,76
17,76	2,26	17,76
17,79	2,27	17,79
17,82	2,29	17,82
17,84	2,30	17,84
17,87	2,32	17,87
17,91	2,33	17,91
17,93	2,33	17,93
17,96	2,38	17,96
17,97	2,38	17,97
18,00	2,39	18,00
18,03	2,42	18,03
18,06	2,42	18,06
18,08	2,46	18,08
18,09	2,46	18,09
18,12	2,47	18,12
18,15	2,49	18,15
18,17	2,52	18,17
18,20	2,53	18,20
18,21	2,55	18,21
18,24	2,56	18,24
18,27	2,58	18,27
18,30	2,59	18,30
18,30	2,61	18,30
18,34	2,64	18,34
18,37	2,64	18,37
18,38	2,67	18,38
18,41	2,70	18,41
18,43	2,70	18,43
18,47	2,71	18,47
18,49	2,74	18,49
18,50	2,76	18,50
18,53	2,77	18,53
18,55	2,79	18,55
18,58	2,80	18,58
18,61	2,83	18,61
18,62	2,83	18,62
18,65	2,85	18,65
18,68	2,86	18,68
18,70	2,89	18,70
18,71	2,91	18,71
18,74	2,92	18,74
18,77	2,95	18,77
18,79	2,95	18,79
18,82	2,97	18,82
18,83	2,98	18,83
18,85	3,00	18,85
18,88	3,00	18,88
18,91	3,03	18,91
18,92	3,04	18,92
18,94	3,06	18,94
18,97	3,06	18,97
18,98	3,07	18,98
19,00	3,09	19,00
19,03	3,09	19,03
19,04	3,10	19,04
19,09	3,10	19,09
19,10	3,10	19,10
19,12	3,12	19,12
19,15	3,13	19,15
19,16	3,15	19,16
19,18	3,15	19,18
19,21	3,15	19,21
19,22	3,15	19,22
19,25	3,15	19,25
19,27	3,15	19,27
19,30	3,15	19,30
19,31	3,15	19,31
19,33	3,15	19,33
19,36	3,15	19,36
19,37	3,15	19,37
19,40	3,15	19,40
19,42	3,15	19,42
19,43	3,15	19,43
19,46	3,15	19,46
19,48	3,13	19,48
19,51	3,15	19,51
19,52	3,13	19,52
19,55	3,12	19,55
19,57	3,12	19,57
19,58	3,09	19,58
19,60	3,10	19,60
19,61	3,09	19,61
19,64	3,07	19,64
19,67	3,06	19,67
19,69	3,07	19,69
19,70	3,06	19,70
19,72	3,06	19,72
19,75	3,03	19,75
19,76	3,03	19,76
19,79	3,01	19,79
19,81	3,01	19,81
19,84	2,98	19,84
19,85	3,00	19,85
19,87	2,98	19,87
19,88	2,97	19,88
19,91	2,97	19,91
19,93	2,95	19,93
19,96	2,95	19,96
19,97	2,94	19,97
19,99	2,92	19,99
20,00	2,92	20,00
20,02	2,91	20,02
20,03	2,91	20,03
20,06	2,91	20,06
20,08	2,89	20,08
20,11	2,89	20,11
20,12	2,89	20,12
20,14	2,88	20,14
20,15	2,88	20,15
20,19	2,86	20,19
20,20	2,85	20,20
20,23	2,85	20,23
20,25	2,86	20,25
20,26	2,83	20,26
20,28	2,85	20,28
20,31	2,85	20,31
20,32	2,85	20,32
20,34	2,83	20,34
20,35	2,83	20,35
20,37	2,83	20,37
20,40	2,83	20,40
20,40	2,83	20,40
20,43	2,83	20,43
20,44	2,83	20,44
20,47	2,85	20,47
20,49	2,85	20,49
20,50	2,85	20,50
20,52	2,85	20,52
20,53	2,83	20,53
20,56	2,85	20,56
20,58	2,85	20,58
20,61	2,85	20,61
20,61	2,85	20,61
20,62	2,86	20,62
20,65	2,86	20,65
20,67	2,88	20,67
20,70	2,86	20,70
20,70	2,88	20,70
20,73	2,88	20,73
20,74	2,89	20,74
20,76	2,91	20,76
20,77	2,91	20,77
20,80	2,91	20,80
20,82	2,91	20,82
20,83	2,92	20,83
20,85	2,94	20,85
20,85	2,94	20,85
20,88	2,95	20,88
20,91	2,95	20,91
20,92	2,95	20,92
20,94	2,95	20,94
20,95	2,98	20,95
20,97	2,98	20,97
20,98	2,98	20,98
21,00	3,01	21,00
21,03	3,01	21,03
21,04	3,01	21,04
21,06	3,03	21,06
21,07	3,04	21,07
21,09	3,06	21,09
21,10	3,06	21,10
21,13	3,07	21,13
21,13	3,07	21,13
21,15	3,10	21,15
21,18	3,10	21,18
21,18	3,10	21,18
21,21	3,12	21,21
21,22	3,13	21,22
21,24	3,15	21,24
21,25	3,15	21,25
21,27	3,16	21,27
21,28	3,18	21,28
21,31	3,19	21,31
21,31	3,19	21,31
21,33	3,21	21,33
21,36	3,22	21,36
21,37	3,25	21,37
21,39	3,25	21,39
21,40	3,25	21,40
21,42	3,28	21,42
21,43	3,30	21,43
21,45	3,30	21,45
21,46	3,31	21,46
21,49	3,33	21,49
21,51	3,33	21,51
21,52	3,36	21,52
21,52	3,37	21,52
21,55	3,39	21,55
21,57	3,39	21,57
21,57	3,40	21,57
21,58	3,42	21,58
21,61	3,43	21,61
21,63	3,45	21,63
21,64	3,46	21,64
21,66	3,48	21,66
21,67	3,49	21,67
21,69	3,51	21,69
21,70	3,51	21,70
21,72	3,52	21,72
21,73	3,54	21,73
21,75	3,55	21,75
21,76	3,58	21,76
21,79	3,58	21,79
21,79	3,60	21,79
21,81	3,61	21,81
21,82	3,63	21,82
21,84	3,64	21,84
21,85	3,66	21,85
21,87	3,68	21,87
21,88	3,68	21,88
21,91	3,71	21,91
21,91	3,72	21,91
21,93	3,74	21,93
21,94	3,74	21,94
21,97	3,75	21,97
21,97	3,77	21,97
21,99	3,80	21,99
22,01	3,81	22,01
22,02	3,83	22,02
22,04	3,83	22,04
22,05	3,84	22,05
22,07	3,87	22,07
22,08	3,87	22,08
22,10	3,90	22,10
22,11	3,90	22,11
22,13	3,93	22,13
22,14	3,93	22,14
22,16	3,95	22,16
22,17	3,96	22,17
22,19	3,99	22,19
22,20	4,01	22,20
22,22	4,02	22,22
22,23	4,02	22,23
22,23	4,04	22,23
22,25	4,05	22,25
22,28	4,08	22,28
22,28	4,10	22,28
22,29	4,11	22,29
22,31	4,11	22,31
22,34	4,13	22,34
22,34	4,16	22,34
22,35	4,17	22,35
22,37	4,19	22,37
22,38	4,20	22,38
22,40	4,22	22,40
22,40	4,23	22,40
22,43	4,25	22,43
22,43	4,26	22,43
22,44	4,28	22,44
22,46	4,29	22,46
22,47	4,32	22,47
22,49	4,32	22,49
22,50	4,35	22,50
22,52	4,35	22,52
22,53	4,37	22,53
22,55	4,38	22,55
22,56	4,41	22,56
22,56	4,41	22,56
22,58	4,44	22,58
22,59	4,44	22,59
22,61	4,46	22,61
22,64	4,47	22,64
22,64	4,50	22,64
22,65	4,50	22,65
22,67	4,52	22,67
22,68	4,55	22,68
22,68	4,56	22,68
22,71	4,58	22,71
22,71	4,59	22,71
22,73	4,61	22,73
22,74	4,62	22,74
22,76	4,64	22,76
22,77	4,65	22,77
22,79	4,68	22,79
22,80	4,68	22,80
22,80	4,71	22,80
22,82	4,71	22,82
22,83	4,74	22,83
22,85	4,76	22,85
22,85	4,77	22,85
22,86	4,79	22,86
22,88	4,80	22,88
22,89	4,80	22,89
22,91	4,83	22,91
22,92	4,85	22,92
22,92	4,86	22,92
22,94	4,90	22,94
22,95	4,90	22,95
22,98	4,91	22,98
22,98	4,93	22,98
23,00	4,96	23,00
23,00	4,97	23,00
23,01	4,99	23,01
23,03	5,00	23,03
23,04	5,02	23,04
23,06	5,02	23,06
23,07	5,06	23,07
23,07	5,06	23,07
23,09	5,08	23,09
23,10	5,09	23,10
23,12	5,12	23,12
23,13	5,12	23,13
23,13	5,15	23,13
23,15	5,17	23,15
23,16	5,18	23,16
23,18	5,20	23,18
23,19	5,21	23,19
23,21	5,24	23,21
23,21	5,24	23,21
23,22	5,27	23,22
23,24	5,27	23,24
23,25	5,29	23,25
23,25	5,32	23,25
23,27	5,33	23,27
23,28	5,35	23,28
23,28	5,36	23,28
23,31	5,38	23,31
23,31	5,39	23,31
23,33	5,39	23,33
23,34	5,41	23,34
23,36	5,44	23,36
23,36	5,45	23,36
23,37	5,47	23,37
23,39	5,48	23,39
23,40	5,51	23,40
23,40	5,51	23,40
23,42	5,53	23,42
23,43	5,54	23,43
23,43	5,56	23,43
23,46	5,57	23,46
23,45	5,59	23,45
23,48	5,62	23,48
23,49	5,62	23,49
23,49	5,63	23,49
23,51	5,65	23,51
23,52	5,66	23,52
23,52	5,68	23,52
23,54	5,68	23,54
23,55	5,69	23,55
23,57	5,72	23,57
23,57	5,72	23,57
23,58	5,74	23,58
23,60	5,74	23,60
23,60	5,75	23,60
23,61	5,77	23,61
23,63	5,78	23,63
23,63	5,78	23,63
23,64	5,80	23,64
23,66	5,81	23,66
23,67	5,83	23,67
23,69	5,83	23,69
23,69	5,84	23,69
23,70	5,86	23,70
23,72	5,86	23,72
23,72	5,86	23,72
23,73	5,89	23,73
23,75	5,89	23,75
23,76	5,87	23,76
23,76	5,89	23,76
23,78	5,90	23,78
23,79	5,92	23,79
23,81	5,92	23,81
23,81	5,92	23,81
23,83	5,92	23,83
23,84	5,93	23,84
23,84	5,93	23,84
23,86	5,93	23,86
23,86	5,95	23,86
23,87	5,95	23,87
23,89	5,95	23,89
23,90	5,95	23,90
23,90	5,96	23,90
23,92	5,96	23,92
23,93	5,96	23,93
23,92	5,96	23,92
23,95	5,96	23,95
23,96	5,96	23,96
23,96	5,96	23,96
23,98	5,96	23,98
23,98	5,95	23,98
23,99	5,95	23,99
24,01	5,95	24,01
24,02	5,95	24,02
24,02	5,93	24,02
24,04	5,93	24,04
24,04	5,95	24,04
24,05	5,93	24,05
24,07	5,92	24,07
24,08	5,93	24,08
24,08	5,93	24,08
24,10	5,92	24,10
24,10	5,90	24,10
24,11	5,90	24,11
24,11	5,90	24,11
24,13	5,89	24,13
24,13	5,89	24,13
24,16	5,87	24,16
24,16	5,87	24,16
24,17	5,87	24,17
24,17	5,86	24,17
24,19	5,84	24,19
24,19	5,84	24,19
24,20	5,83	24,20
24,22	5,83	24,22
24,23	5,83	24,23
24,23	5,80	24,23
24,23	5,80	24,23
24,25	5,78	24,25
24,26	5,78	24,26
24,28	5,78	24,28
24,28	5,77	24,28
24,29	5,77	24,29
24,29	5,75	24,29
24,31	5,74	24,31
24,31	5,72	24,31
24,32	5,71	24,32
24,34	5,71	24,34
24,35	5,69	24,35
24,37	5,68	24,37
24,37	5,66	24,37
24,37	5,66	24,37
24,38	5,65	24,38
24,38	5,63	24,38
24,40	5,63	24,40
24,41	5,62	24,41
24,41	5,60	24,41
24,43	5,59	24,43
24,43	5,59	24,43
24,44	5,57	24,44
24,44	5,56	24,44
24,46	5,54	24,46
24,47	5,54	24,47
24,49	5,53	24,49
24,49	5,53	24,49
24,49	5,51	24,49
24,52	5,50	24,52
24,52	5,50	24,52
24,52	5,50	24,52
24,53	5,48	24,53
24,55	5,47	24,55
24,55	5,45	24,55
24,56	5,45	24,56
24,56	5,45	24,56
24,56	5,44	24,56
24,59	5,44	24,59
24,59	5,42	24,59
24,61	5,41	24,61
24,62	5,41	24,62
24,62	5,39	24,62
24,64	5,39	24,64
24,64	5,38	24,64
24,64	5,36	24,64
24,65	5,36	24,65
24,65	5,36	24,65
24,67	5,36	24,67
24,68	5,33	24,68
24,70	5,35	24,70
24,68	5,33	24,68
24,71	5,33	24,71
24,71	5,32	24,71
24,71	5,30	24,71
24,73	5,32	24,73
24,74	5,30	24,74
24,74	5,29	24,74
24,76	5,29	24,76
24,76	5,29	24,76
24,77	5,27	24,77
24,77	5,27	24,77
24,79	5,26	24,79
24,80	5,27	24,80
24,80	5,26	24,80
24,82	5,26	24,82
24,82	5,26	24,82
24,83	5,24	24,83
24,83	5,26	24,83
24,83	5,24	24,83
24,85	5,24	24,85
24,85	5,24	24,85
24,86	5,24	24,86
24,86	5,24	24,86
24,86	5,23	24,86
24,89	5,24	24,89
24,89	5,23	24,89
24,91	5,21	24,91
24,92	5,23	24,92
24,92	5,21	24,92
24,92	5,21	24,92
24,94	5,21	24,94
24,94	5,21	24,94
24,95	5,23	24,95
24,97	5,23	24,97
24,95	5,21	24,95
24,97	5,21	24,97
24,98	5,23	24,98
24,98	5,21	24,98
25,00	5,20	25,00
25,00	5,21	25,00
25,01	5,21	25,01
25,01	5,21	25,01
25,03	5,23	25,03
25,03	5,21	25,03
25,04	5,21	25,04
25,04	5,21	25,04
25,06	5,21	25,06
25,06	5,23	25,06
25,07	5,23	25,07
25,07	5,23	25,07
25,07	5,23	25,07
25,09	5,23	25,09
25,09	5,23	25,09
25,10	5,23	25,10
25,12	5,23	25,12
25,12	5,24	25,12
25,12	5,24	25,12
25,13	5,23	25,13
25,13	5,23	25,13
25,15	5,24	25,15
25,15	5,24	25,15
25,16	5,24	25,16
25,18	5,24	25,18
25,18	5,24	25,18
25,18	5,26	25,18
25,19	5,26	25,19
25,18	5,27	25,18
25,21	5,26	25,21
25,21	5,27	25,21
25,21	5,27	25,21
25,22	5,27	25,22
25,22	5,27	25,22
25,24	5,29	25,24
25,25	5,29	25,25
25,25	5,29	25,25
25,27	5,29	25,27
25,27	5,30	25,27
25,27	5,30	25,27
25,28	5,32	25,28
25,28	5,32	25,28
25,30	5,32	25,30
25,30	5,33	25,30
25,31	5,33	25,31
25,31	5,32	25,31
25,33	5,35	25,33
25,33	5,35	25,33
25,34	5,33	25,34
25,36	5,36	25,36
25,37	5,35	25,37
25,37	5,35	25,37
25,39	5,36	25,39
25,40	5,36	25,40
25,43	5,36	25,43
25,43	5,38	25,43
25,45	5,39	25,45
25,46	5,41	25,46
25,48	5,39	25,48
25,49	5,41	25,49
25,49	5,42	25,49
25,51	5,42	25,51
25,52	5,42	25,52
25,54	5,42	25,54
25,55	5,44	25,55
25,57	5,44	25,57
25,58	5,45	25,58
25,60	5,47	25,60
25,61	5,48	25,61
25,63	5,48	25,63
25,64	5,50	25,64
25,64	5,50	25,64
25,68	5,53	25,68
25,69	5,51	25,69
25,69	5,54	25,69
25,71	5,54	25,71
25,72	5,57	25,72
25,74	5,57	25,74
25,74	5,59	25,74
25,75	5,59	25,75
25,77	5,62	25,77
25,78	5,62	25,78
25,80	5,63	25,80
25,81	5,65	25,81
25,83	5,66	25,83
25,84	5,68	25,84
25,86	5,68	25,86
25,86	5,69	25,86
25,89	5,72	25,89
25,89	5,74	25,89
25,90	5,75	25,90
25,92	5,77	25,92
25,93	5,78	25,93
25,93	5,78	25,93
25,96	5,80	25,96
25,98	5,81	25,98
25,98	5,84	25,98
25,99	5,86	25,99
25,99	5,87	25,99
26,02	5,89	26,02
26,02	5,90	26,02
26,04	5,92	26,04
26,05	5,95	26,05
26,07	5,96	26,07
26,07	5,98	26,07
26,08	5,99	26,08
26,10	6,01	26,10
26,10	6,01	26,10
26,11	6,04	26,11
26,14	6,05	26,14
26,14	6,07	26,14
26,16	6,08	26,16
26,17	6,12	26,17
26,19	6,12	26,19
26,19	6,15	26,19
26,20	6,18	26,20
26,22	6,18	26,22
26,23	6,21	26,23
26,23	6,22	26,23
26,25	6,24	26,25
26,26	6,27	26,26
26,28	6,28	26,28
26,28	6,30	26,28
26,29	6,31	26,29
26,31	6,33	26,31
26,31	6,34	26,31
26,32	6,37	26,32
26,34	6,39	26,34
26,35	6,40	26,35
26,35	6,42	26,35
26,37	6,45	26,37
26,38	6,46	26,38
26,40	6,49	26,40
26,41	6,49	26,41
26,41	6,52	26,41
26,43	6,54	26,43
26,44	6,57	26,44
26,44	6,58	26,44
26,47	6,60	26,47
26,47	6,63	26,47
26,49	6,66	26,49
26,50	6,66	26,50
26,50	6,69	26,50
26,52	6,70	26,52
26,53	6,72	26,53
26,55	6,75	26,55
26,55	6,75	26,55
26,56	6,78	26,56
26,58	6,79	26,58
26,59	6,81	26,59
26,59	6,84	26,59
26,61	6,85	26,61
26,62	6,88	26,62
26,62	6,90	26,62
26,64	6,93	26,64
26,64	6,94	26,64
26,67	6,96	26,67
26,67	6,99	26,67
26,68	7,00	26,68
26,70	7,02	26,70
26,70	7,03	26,70
26,71	7,06	26,71
26,73	7,09	26,73
26,73	7,11	26,73
26,74	7,12	26,74
26,76	7,15	26,76
26,77	7,17	26,77
26,77	7,18	26,77
26,79	7,21	26,79
26,80	7,24	26,80
26,80	7,24	26,80
26,82	7,29	26,82
26,82	7,29	26,82
26,83	7,30	26,83
26,85	7,34	26,85
26,86	7,37	26,86
26,86	7,38	26,86
26,88	7,41	26,88
26,89	7,43	26,89
26,89	7,44	26,89
26,91	7,47	26,91
26,92	7,50	26,92
26,94	7,52	26,94
26,92	7,53	26,92
26,95	7,56	26,95
26,95	7,58	26,95
26,95	7,61	26,95
26,97	7,64	26,97
26,98	7,65	26,98
27,00	7,67	27,00
27,00	7,71	27,00
27,01	7,71	27,01
27,03	7,76	27,03
27,01	7,77	27,01
27,04	7,79	27,04
27,06	7,82	27,06
27,06	7,83	27,06
27,07	7,86	27,07
27,09	7,89	27,09
27,09	7,92	27,09
27,09	7,94	27,09
27,10	7,95	27,10
27,12	7,98	27,12
27,12	8,00	27,12
27,13	8,03	27,13
27,13	8,06	27,13
27,15	8,09	27,15
27,16	8,12	27,16
27,16	8,13	27,16
27,19	8,16	27,19
27,19	8,18	27,19
27,21	8,21	27,21
27,21	8,22	27,21
27,22	8,25	27,22
27,22	8,28	27,22
27,24	8,31	27,24
27,25	8,34	27,25
27,25	8,36	27,25
27,27	8,39	27,27
27,27	8,42	27,27
27,28	8,43	27,28
27,30	8,46	27,30
27,30	8,49	27,30
27,31	8,52	27,31
27,33	8,54	27,33
27,33	8,59	27,33
27,34	8,60	27,34
27,34	8,63	27,34
27,36	8,66	27,36
27,37	8,69	27,37
27,37	8,72	27,37
27,37	8,74	27,37
27,39	8,75	27,39
27,39	8,80	27,39
27,40	8,83	27,40
27,42	8,86	27,42
27,42	8,89	27,42
27,43	8,92	27,43
27,43	8,93	27,43
27,45	8,98	27,45
27,46	8,99	27,46
27,46	9,02	27,46
27,48	9,05	27,48
27,48	9,08	27,48
27,50	9,11	27,50
27,50	9,14	27,50
27,51	9,17	27,51
27,54	9,20	27,54
27,53	9,23	27,53
27,54	9,26	27,54
27,56	9,29	27,56
27,56	9,34	27,56
27,56	9,37	27,56
27,57	9,40	27,57
27,59	9,44	27,59
27,59	9,46	27,59
27,60	9,52	27,60
27,59	9,53	27,59
27,62	9,58	27,62
27,63	9,61	27,63
27,63	9,65	27,63
27,65	9,67	27,65
27,63	9,71	27,63
27,65	9,76	27,65
27,66	9,79	27,66
27,66	9,84	27,66
27,66	9,87	27,66
27,69	9,91	27,69
27,69	9,97	27,69
27,71	10,02	27,71
27,71	10,05	27,71
27,72	10,09	27,72
27,74	10,14	27,74
27,74	10,18	27,74
27,75	10,24	27,75
27,75	10,29	27,75
27,75	10,33	27,75
27,77	10,39	27,77
27,78	10,45	27,78
27,78	10,50	27,78
27,80	10,57	27,80
27,81	10,63	27,81
27,81	10,71	27,81
27,81	10,78	27,81
27,81	10,86	27,81
27,83	10,98	27,83
27,83	11,31	27,83
27,83	11,60	27,83
27,83	11,81	27,83
27,83	11,99	27,83
27,83	12,11	27,83
27,83	12,23	27,83
27,83	12,31	27,83
27,83	12,38	27,83
27,83	12,43	27,83
27,81	12,47	27,81
27,81	12,50	27,81
27,81	12,52	27,81
27,81	12,56	27,81
27,81	12,56	27,81
27,81	12,56	27,81
27,81	12,59	27,81
27,81	12,58	27,81
27,81	12,58	27,81
27,80	12,59	27,80
27,80	12,58	27,80
27,81	12,58	27,81
27,80	12,58	27,80
27,80	12,58	27,80
27,80	12,58	27,80
27,78	12,58	27,78
27,78	12,58	27,78
27,78	12,58	27,78
27,77	12,59	27,77
27,78	12,58	27,78
27,78	12,58	27,78
27,77	12,58	27,77
27,77	12,58	27,77
27,77	12,58	27,77
27,75	12,58	27,75
27,77	12,58	27,77
27,75	12,58	27,75
27,75	12,58	27,75
27,75	12,58	27,75
27,75	12,59	27,75
27,74	12,58	27,74
27,74	12,59	27,74
27,74	12,58	27,74
27,74	12,58	27,74
27,72	12,58	27,72
27,72	12,59	27,72
27,74	12,59	27,74
27,71	12,59	27,71
27,72	12,58	27,72
27,71	12,59	27,71
27,71	12,59	27,71
27,71	12,58	27,71
27,71	12,59	27,71
27,71	12,58	27,71
27,69	12,59	27,69
27,69	12,59	27,69
27,69	12,58	27,69
27,69	12,58	27,69
27,69	12,58	27,69
27,68	12,59	27,68
27,68	12,59	27,68
27,68	12,58	27,68
27,66	12,58	27,66
27,68	12,58	27,68
27,68	12,59	27,68
27,66	12,59	27,66
27,66	12,58	27,66
27,66	12,59	27,66
27,66	12,58	27,66
27,66	12,59	27,66
27,65	12,59	27,65
27,65	12,58	27,65
27,65	12,58	27,65
27,65	12,59	27,65
27,65	12,58	27,65
27,63	12,59	27,63
27,63	12,58	27,63
27,62	12,58	27,62
27,63	12,59	27,63
27,63	12,59	27,63
27,62	12,59	27,62
27,63	12,58	27,63
27,62	12,59	27,62
27,62	12,58	27,62
27,62	12,58	27,62
27,62	12,59	27,62
27,62	12,59	27,62
27,60	12,59	27,60
27,60	12,58	27,60
27,60	12,59	27,60
27,60	12,59	27,60
27,59	12,59	27,59
27,60	12,58	27,60
27,59	12,59	27,59
27,60	12,58	27,60
27,59	12,59	27,59
27,59	12,58	27,59
27,59	12,59	27,59
27,59	12,59	27,59
27,57	12,59	27,57
27,57	12,58	27,57
27,57	12,58	27,57
27,57	12,58	27,57
27,57	12,58	27,57
27,57	12,58	27,57
27,56	12,59	27,56
27,57	12,59	27,57
27,56	12,59	27,56
27,56	12,59	27,56
27,56	12,59	27,56
27,56	12,59	27,56
27,56	12,59	27,56
27,54	12,59	27,54
27,56	12,58	27,56
27,54	12,59	27,54
27,54	12,58	27,54
27,54	12,59	27,54
27,54	12,58	27,54
27,54	12,59	27,54
27,54	12,58	27,54
27,54	12,59	27,54
27,54	12,58	27,54
27,53	12,59	27,53
27,54	12,59	27,54
27,54	12,58	27,54
27,53	12,59	27,53
27,53	12,58	27,53
27,53	12,59	27,53
27,53	12,59	27,53
27,53	12,58	27,53
27,51	12,59	27,51
