Analógico 2	Analógico 1	Analógico 2
U2/V	U1/V	U2/V

0,89	0,06	0,89
0,90	0,07	0,90
0,92	0,07	0,92
0,93	0,07	0,93
0,95	0,07	0,95
0,96	0,07	0,96
0,98	0,07	0,98
0,99	0,07	0,99
1,01	0,07	1,01
1,02	0,07	1,02
1,04	0,07	1,04
1,05	0,07	1,05
1,07	0,07	1,07
1,08	0,07	1,08
1,10	0,07	1,10
1,11	0,07	1,11
1,13	0,07	1,13
1,14	0,07	1,14
1,16	0,07	1,16
1,17	0,07	1,17
1,19	0,07	1,19
1,20	0,07	1,20
1,22	0,07	1,22
1,23	0,08	1,23
1,25	0,07	1,25
1,26	0,07	1,26
1,28	0,07	1,28
1,29	0,07	1,29
1,31	0,07	1,31
1,32	0,07	1,32
1,34	0,07	1,34
1,35	0,07	1,35
1,37	0,08	1,37
1,38	0,07	1,38
1,40	0,07	1,40
1,41	0,08	1,41
1,43	0,07	1,43
1,44	0,08	1,44
1,46	0,08	1,46
1,47	0,07	1,47
1,49	0,08	1,49
1,50	0,08	1,50
1,52	0,08	1,52
1,53	0,08	1,53
1,55	0,08	1,55
1,56	0,08	1,56
1,58	0,08	1,58
1,59	0,08	1,59
1,61	0,08	1,61
1,62	0,08	1,62
1,64	0,08	1,64
1,65	0,08	1,65
1,67	0,08	1,67
1,68	0,08	1,68
1,70	0,08	1,70
1,71	0,08	1,71
1,73	0,08	1,73
1,74	0,08	1,74
1,76	0,08	1,76
1,77	0,08	1,77
1,79	0,08	1,79
1,80	0,08	1,80
1,82	0,08	1,82
1,84	0,08	1,84
1,85	0,08	1,85
1,87	0,08	1,87
1,88	0,08	1,88
1,90	0,08	1,90
1,91	0,09	1,91
1,93	0,08	1,93
1,94	0,09	1,94
1,96	0,09	1,96
1,97	0,09	1,97
1,99	0,09	1,99
2,00	0,09	2,00
2,02	0,09	2,02
2,03	0,09	2,03
2,05	0,09	2,05
2,06	0,09	2,06
2,08	0,09	2,08
2,09	0,09	2,09
2,11	0,09	2,11
2,12	0,09	2,12
2,14	0,09	2,14
2,15	0,09	2,15
2,17	0,09	2,17
2,18	0,09	2,18
2,20	0,09	2,20
2,21	0,09	2,21
2,23	0,09	2,23
2,24	0,09	2,24
2,26	0,10	2,26
2,27	0,09	2,27
2,29	0,09	2,29
2,30	0,09	2,30
2,32	0,09	2,32
2,33	0,09	2,33
2,35	0,09	2,35
2,36	0,10	2,36
2,38	0,10	2,38
2,39	0,10	2,39
2,41	0,10	2,41
2,42	0,10	2,42
2,44	0,10	2,44
2,45	0,10	2,45
2,47	0,10	2,47
2,48	0,10	2,48
2,50	0,10	2,50
2,51	0,10	2,51
2,53	0,10	2,53
2,54	0,10	2,54
2,56	0,10	2,56
2,57	0,10	2,57
2,59	0,10	2,59
2,60	0,10	2,60
2,62	0,10	2,62
2,63	0,10	2,63
2,65	0,10	2,65
2,66	0,10	2,66
2,68	0,10	2,68
2,69	0,10	2,69
2,71	0,10	2,71
2,72	0,10	2,72
2,74	0,10	2,74
2,75	0,10	2,75
2,77	0,11	2,77
2,78	0,11	2,78
2,80	0,11	2,80
2,81	0,11	2,81
2,83	0,11	2,83
2,84	0,11	2,84
2,86	0,10	2,86
2,87	0,11	2,87
2,89	0,11	2,89
2,90	0,11	2,90
2,92	0,11	2,92
2,93	0,11	2,93
2,95	0,11	2,95
2,96	0,11	2,96
2,98	0,11	2,98
2,99	0,10	2,99
3,01	0,11	3,01
3,02	0,11	3,02
3,04	0,10	3,04
3,05	0,10	3,05
3,07	0,10	3,07
3,08	0,11	3,08
3,11	0,11	3,11
3,13	0,11	3,13
3,14	0,11	3,14
3,16	0,11	3,16
3,17	0,11	3,17
3,19	0,11	3,19
3,20	0,11	3,20
3,22	0,11	3,22
3,23	0,11	3,23
3,25	0,11	3,25
3,26	0,11	3,26
3,28	0,11	3,28
3,29	0,11	3,29
3,31	0,11	3,31
3,32	0,11	3,32
3,34	0,11	3,34
3,35	0,11	3,35
3,37	0,11	3,37
3,38	0,12	3,38
3,40	0,11	3,40
3,41	0,12	3,41
3,43	0,12	3,43
3,44	0,12	3,44
3,46	0,12	3,46
3,47	0,12	3,47
3,49	0,12	3,49
3,50	0,12	3,50
3,52	0,12	3,52
3,53	0,12	3,53
3,55	0,12	3,55
3,56	0,12	3,56
3,58	0,12	3,58
3,59	0,12	3,59
3,61	0,12	3,61
3,62	0,12	3,62
3,64	0,12	3,64
3,65	0,12	3,65
3,67	0,12	3,67
3,69	0,12	3,69
3,70	0,12	3,70
3,72	0,13	3,72
3,73	0,12	3,73
3,75	0,13	3,75
3,76	0,13	3,76
3,78	0,13	3,78
3,79	0,12	3,79
3,81	0,12	3,81
3,82	0,13	3,82
3,84	0,12	3,84
3,85	0,13	3,85
3,87	0,13	3,87
3,88	0,13	3,88
3,90	0,13	3,90
3,91	0,13	3,91
3,93	0,13	3,93
3,94	0,13	3,94
3,96	0,13	3,96
3,97	0,13	3,97
3,99	0,13	3,99
4,00	0,13	4,00
4,02	0,13	4,02
4,03	0,13	4,03
4,05	0,13	4,05
4,06	0,13	4,06
4,08	0,14	4,08
4,09	0,14	4,09
4,11	0,13	4,11
4,12	0,13	4,12
4,14	0,14	4,14
4,15	0,14	4,15
4,17	0,14	4,17
4,18	0,14	4,18
4,20	0,14	4,20
4,21	0,14	4,21
4,23	0,14	4,23
4,24	0,14	4,24
4,26	0,14	4,26
4,27	0,14	4,27
4,29	0,14	4,29
4,32	0,14	4,32
4,33	0,14	4,33
4,35	0,14	4,35
4,36	0,14	4,36
4,38	0,14	4,38
4,39	0,14	4,39
4,41	0,14	4,41
4,42	0,14	4,42
4,44	0,14	4,44
4,45	0,15	4,45
4,47	0,14	4,47
4,48	0,15	4,48
4,50	0,15	4,50
4,53	0,15	4,53
4,54	0,15	4,54
4,56	0,15	4,56
4,57	0,15	4,57
4,59	0,15	4,59
4,60	0,15	4,60
4,62	0,15	4,62
4,63	0,15	4,63
4,65	0,15	4,65
4,66	0,15	4,66
4,68	0,15	4,68
4,69	0,15	4,69
4,71	0,15	4,71
4,72	0,15	4,72
4,74	0,15	4,74
4,75	0,15	4,75
4,77	0,15	4,77
4,80	0,15	4,80
4,81	0,16	4,81
4,83	0,15	4,83
4,84	0,16	4,84
4,86	0,16	4,86
4,87	0,16	4,87
4,89	0,16	4,89
4,90	0,16	4,90
4,92	0,16	4,92
4,93	0,16	4,93
4,95	0,16	4,95
4,96	0,16	4,96
4,98	0,16	4,98
4,99	0,16	4,99
5,01	0,16	5,01
5,02	0,16	5,02
5,04	0,16	5,04
5,05	0,16	5,05
5,07	0,16	5,07
5,08	0,16	5,08
5,11	0,16	5,11
5,13	0,17	5,13
5,14	0,16	5,14
5,16	0,17	5,16
5,17	0,17	5,17
5,19	0,17	5,19
5,20	0,17	5,20
5,23	0,17	5,23
5,25	0,17	5,25
5,26	0,17	5,26
5,28	0,17	5,28
5,29	0,17	5,29
5,31	0,17	5,31
5,34	0,17	5,34
5,35	0,17	5,35
5,38	0,17	5,38
5,40	0,18	5,40
5,41	0,18	5,41
5,43	0,17	5,43
5,44	0,18	5,44
5,47	0,18	5,47
5,49	0,18	5,49
5,52	0,18	5,52
5,55	0,18	5,55
5,57	0,18	5,57
5,58	0,18	5,58
5,60	0,18	5,60
5,61	0,18	5,61
5,63	0,18	5,63
5,64	0,18	5,64
5,66	0,18	5,66
5,67	0,18	5,67
5,69	0,18	5,69
5,70	0,18	5,70
5,72	0,18	5,72
5,73	0,18	5,73
5,75	0,18	5,75
5,76	0,19	5,76
5,78	0,19	5,78
5,79	0,19	5,79
5,81	0,19	5,81
5,82	0,19	5,82
5,84	0,19	5,84
5,85	0,19	5,85
5,87	0,19	5,87
5,88	0,19	5,88
5,90	0,19	5,90
5,91	0,19	5,91
5,94	0,19	5,94
5,96	0,19	5,96
5,97	0,19	5,97
6,00	0,19	6,00
6,02	0,20	6,02
6,03	0,19	6,03
6,05	0,20	6,05
6,06	0,20	6,06
6,08	0,20	6,08
6,09	0,20	6,09
6,11	0,20	6,11
6,12	0,20	6,12
6,15	0,20	6,15
6,17	0,20	6,17
6,18	0,20	6,18
6,21	0,20	6,21
6,24	0,20	6,24
6,26	0,20	6,26
6,27	0,20	6,27
6,29	0,20	6,29
6,30	0,21	6,30
6,32	0,20	6,32
6,33	0,21	6,33
6,35	0,21	6,35
6,36	0,21	6,36
6,39	0,21	6,39
6,41	0,21	6,41
6,44	0,21	6,44
6,45	0,21	6,45
6,47	0,21	6,47
6,48	0,21	6,48
6,50	0,21	6,50
6,51	0,21	6,51
6,53	0,21	6,53
6,56	0,21	6,56
6,57	0,22	6,57
6,59	0,22	6,59
6,62	0,22	6,62
6,63	0,22	6,63
6,65	0,22	6,65
6,66	0,22	6,66
6,68	0,22	6,68
6,69	0,22	6,69
6,72	0,22	6,72
6,74	0,22	6,74
6,75	0,22	6,75
6,77	0,22	6,77
6,78	0,22	6,78
6,80	0,22	6,80
6,83	0,23	6,83
6,86	0,23	6,86
6,87	0,23	6,87
6,89	0,23	6,89
6,90	0,23	6,90
6,93	0,23	6,93
6,95	0,23	6,95
6,96	0,23	6,96
6,98	0,23	6,98
6,99	0,23	6,99
7,01	0,23	7,01
7,04	0,24	7,04
7,05	0,23	7,05
7,08	0,24	7,08
7,10	0,24	7,10
7,11	0,24	7,11
7,13	0,24	7,13
7,14	0,24	7,14
7,16	0,24	7,16
7,17	0,24	7,17
7,20	0,24	7,20
7,22	0,24	7,22
7,25	0,24	7,25
7,28	0,24	7,28
7,29	0,24	7,29
7,31	0,24	7,31
7,32	0,25	7,32
7,36	0,25	7,36
7,37	0,25	7,37
7,39	0,25	7,39
7,42	0,25	7,42
7,43	0,25	7,43
7,45	0,25	7,45
7,46	0,25	7,46
7,48	0,25	7,48
7,51	0,25	7,51
7,54	0,25	7,54
7,55	0,25	7,55
7,57	0,26	7,57
7,58	0,25	7,58
7,60	0,26	7,60
7,63	0,26	7,63
7,64	0,26	7,64
7,66	0,26	7,66
7,69	0,26	7,69
7,70	0,26	7,70
7,72	0,26	7,72
7,75	0,26	7,75
7,76	0,26	7,76
7,78	0,26	7,78
7,79	0,26	7,79
7,82	0,26	7,82
7,84	0,27	7,84
7,87	0,27	7,87
7,88	0,27	7,88
7,90	0,27	7,90
7,93	0,27	7,93
7,94	0,27	7,94
7,97	0,27	7,97
8,02	0,27	8,02
8,03	0,27	8,03
8,05	0,27	8,05
8,06	0,27	8,06
8,09	0,27	8,09
8,11	0,28	8,11
8,12	0,28	8,12
8,15	0,28	8,15
8,18	0,28	8,18
8,20	0,28	8,20
8,21	0,28	8,21
8,24	0,28	8,24
8,26	0,28	8,26
8,29	0,28	8,29
8,30	0,28	8,30
8,32	0,29	8,32
8,35	0,29	8,35
8,36	0,29	8,36
8,38	0,29	8,38
8,41	0,29	8,41
8,44	0,29	8,44
8,45	0,29	8,45
8,48	0,29	8,48
8,50	0,29	8,50
8,51	0,29	8,51
8,54	0,30	8,54
8,56	0,30	8,56
8,59	0,30	8,59
8,60	0,30	8,60
8,63	0,30	8,63
8,65	0,30	8,65
8,68	0,30	8,68
8,69	0,30	8,69
8,71	0,31	8,71
8,74	0,31	8,74
8,77	0,31	8,77
8,78	0,31	8,78
8,81	0,31	8,81
8,83	0,31	8,83
8,86	0,32	8,86
8,87	0,32	8,87
8,89	0,32	8,89
8,92	0,32	8,92
8,95	0,32	8,95
8,98	0,32	8,98
8,99	0,32	8,99
9,01	0,32	9,01
9,04	0,33	9,04
9,05	0,33	9,05
9,08	0,33	9,08
9,11	0,33	9,11
9,13	0,33	9,13
9,16	0,33	9,16
9,18	0,33	9,18
9,21	0,33	9,21
9,24	0,33	9,24
9,25	0,34	9,25
9,28	0,34	9,28
9,30	0,34	9,30
9,33	0,34	9,33
9,34	0,34	9,34
9,39	0,34	9,39
9,40	0,34	9,40
9,42	0,34	9,42
9,45	0,35	9,45
9,48	0,35	9,48
9,51	0,35	9,51
9,52	0,35	9,52
9,55	0,35	9,55
9,58	0,35	9,58
9,60	0,35	9,60
9,61	0,35	9,61
9,64	0,35	9,64
9,67	0,35	9,67
9,69	0,36	9,69
9,72	0,36	9,72
9,73	0,36	9,73
9,76	0,36	9,76
9,78	0,36	9,78
9,81	0,36	9,81
9,85	0,36	9,85
9,87	0,36	9,87
9,90	0,37	9,90
9,93	0,37	9,93
9,94	0,37	9,94
9,97	0,37	9,97
10,00	0,37	10,00
10,02	0,37	10,02
10,05	0,37	10,05
10,08	0,38	10,08
10,11	0,38	10,11
10,14	0,38	10,14
10,15	0,38	10,15
10,18	0,38	10,18
10,21	0,38	10,21
10,24	0,38	10,24
10,27	0,39	10,27
10,29	0,39	10,29
10,32	0,39	10,32
10,33	0,39	10,33
10,38	0,39	10,38
10,39	0,39	10,39
10,42	0,39	10,42
10,45	0,40	10,45
10,48	0,40	10,48
10,50	0,40	10,50
10,53	0,40	10,53
10,56	0,40	10,56
10,59	0,40	10,59
10,62	0,40	10,62
10,65	0,40	10,65
10,68	0,41	10,68
10,69	0,41	10,69
10,72	0,41	10,72
10,75	0,41	10,75
10,78	0,41	10,78
10,81	0,41	10,81
10,84	0,41	10,84
10,87	0,41	10,87
10,89	0,42	10,89
10,93	0,42	10,93
10,95	0,42	10,95
10,98	0,42	10,98
11,01	0,42	11,01
11,03	0,42	11,03
11,07	0,43	11,07
11,10	0,43	11,10
11,12	0,43	11,12
11,16	0,43	11,16
11,19	0,43	11,19
11,22	0,44	11,22
11,24	0,43	11,24
11,27	0,44	11,27
11,30	0,43	11,30
11,33	0,44	11,33
11,36	0,44	11,36
11,39	0,44	11,39
11,42	0,44	11,42
11,45	0,44	11,45
11,48	0,45	11,48
11,51	0,45	11,51
11,54	0,45	11,54
11,57	0,45	11,57
11,60	0,45	11,60
11,63	0,45	11,63
11,66	0,46	11,66
11,69	0,46	11,69
11,72	0,46	11,72
11,75	0,46	11,75
11,78	0,46	11,78
11,81	0,47	11,81
11,84	0,47	11,84
11,87	0,47	11,87
11,90	0,47	11,90
11,93	0,47	11,93
11,96	0,47	11,96
12,00	0,48	12,00
12,02	0,48	12,02
12,06	0,48	12,06
12,09	0,48	12,09
12,11	0,49	12,11
12,15	0,49	12,15
12,18	0,49	12,18
12,21	0,49	12,21
12,26	0,49	12,26
12,27	0,50	12,27
12,30	0,50	12,30
12,35	0,50	12,35
12,38	0,50	12,38
12,41	0,50	12,41
12,44	0,50	12,44
12,47	0,51	12,47
12,51	0,51	12,51
12,54	0,51	12,54
12,57	0,51	12,57
12,60	0,52	12,60
12,63	0,52	12,63
12,68	0,52	12,68
12,71	0,52	12,71
12,74	0,52	12,74
12,77	0,53	12,77
12,81	0,53	12,81
12,83	0,53	12,83
12,88	0,53	12,88
12,91	0,54	12,91
12,95	0,54	12,95
12,98	0,54	12,98
13,00	0,54	13,00
13,04	0,55	13,04
13,07	0,55	13,07
13,12	0,55	13,12
13,15	0,56	13,15
13,18	0,56	13,18
13,22	0,56	13,22
13,25	0,56	13,25
13,28	0,56	13,28
13,33	0,57	13,33
13,36	0,57	13,36
13,39	0,57	13,39
13,43	0,57	13,43
13,46	0,57	13,46
13,49	0,58	13,49
13,54	0,58	13,54
13,57	0,58	13,57
13,61	0,58	13,61
13,63	0,59	13,63
13,67	0,59	13,67
13,70	0,59	13,70
13,75	0,59	13,75
13,78	0,59	13,78
13,82	0,59	13,82
13,85	0,60	13,85
13,88	0,60	13,88
13,93	0,60	13,93
13,97	0,60	13,97
14,00	0,60	14,00
14,03	0,61	14,03
14,06	0,61	14,06
14,11	0,61	14,11
14,15	0,61	14,15
14,18	0,61	14,18
14,23	0,62	14,23
14,27	0,62	14,27
14,30	0,62	14,30
14,33	0,62	14,33
14,36	0,62	14,36
14,41	0,63	14,41
14,45	0,63	14,45
14,48	0,63	14,48
14,53	0,63	14,53
14,56	0,64	14,56
14,60	0,64	14,60
14,63	0,64	14,63
14,68	0,64	14,68
14,73	0,65	14,73
14,76	0,65	14,76
14,80	0,66	14,80
14,83	0,66	14,83
14,88	0,66	14,88
14,92	0,66	14,92
14,97	0,67	14,97
15,00	0,67	15,00
15,03	0,67	15,03
15,09	0,67	15,09
15,12	0,68	15,12
15,16	0,68	15,16
15,19	0,68	15,19
15,24	0,69	15,24
15,27	0,69	15,27
15,31	0,69	15,31
15,36	0,70	15,36
15,40	0,70	15,40
15,43	0,71	15,43
15,48	0,71	15,48
15,52	0,71	15,52
15,55	0,72	15,55
15,60	0,72	15,60
15,64	0,73	15,64
15,69	0,73	15,69
15,73	0,73	15,73
15,78	0,74	15,78
15,81	0,74	15,81
15,85	0,75	15,85
15,90	0,75	15,90
15,94	0,75	15,94
15,97	0,76	15,97
16,03	0,76	16,03
16,08	0,76	16,08
16,11	0,77	16,11
16,17	0,77	16,17
16,20	0,77	16,20
16,24	0,78	16,24
16,29	0,78	16,29
16,33	0,78	16,33
16,38	0,79	16,38
16,42	0,79	16,42
16,45	0,79	16,45
16,50	0,79	16,50
16,55	0,80	16,55
16,59	0,80	16,59
16,65	0,80	16,65
16,68	0,80	16,68
16,71	0,80	16,71
16,73	0,80	16,73
