Analógico 2	Analógico 1	Analógico 2
U2/V	U1/V	U2/V

0,35	0,09	0,35
0,36	0,09	0,36
0,39	0,09	0,39
0,48	0,09	0,48
0,60	0,09	0,60
0,72	0,09	0,72
0,87	0,09	0,87
0,99	0,10	0,99
1,11	0,10	1,11
1,25	0,10	1,25
1,38	0,11	1,38
1,56	0,12	1,56
1,76	0,12	1,76
1,96	0,13	1,96
2,15	0,14	2,15
2,36	0,15	2,36
2,56	0,16	2,56
2,75	0,17	2,75
2,93	0,18	2,93
3,11	0,19	3,11
3,26	0,20	3,26
3,43	0,20	3,43
3,58	0,21	3,58
3,73	0,22	3,73
3,88	0,23	3,88
4,03	0,24	4,03
4,17	0,24	4,17
4,32	0,25	4,32
4,45	0,26	4,45
4,60	0,27	4,60
4,72	0,28	4,72
4,86	0,29	4,86
5,01	0,30	5,01
5,13	0,31	5,13
5,26	0,32	5,26
5,40	0,33	5,40
5,52	0,35	5,52
5,64	0,36	5,64
5,78	0,38	5,78
5,91	0,40	5,91
6,02	0,43	6,02
6,14	0,45	6,14
6,26	0,48	6,26
6,38	0,50	6,38
6,50	0,52	6,50
6,60	0,54	6,60
6,72	0,55	6,72
6,84	0,57	6,84
6,98	0,58	6,98
7,10	0,59	7,10
7,22	0,60	7,22
7,32	0,61	7,32
7,43	0,62	7,43
7,55	0,62	7,55
7,67	0,63	7,67
7,78	0,63	7,78
7,88	0,64	7,88
8,00	0,65	8,00
8,09	0,65	8,09
8,21	0,66	8,21
8,32	0,66	8,32
8,41	0,67	8,41
8,51	0,67	8,51
8,62	0,68	8,62
8,72	0,69	8,72
8,83	0,70	8,83
8,93	0,71	8,93
9,04	0,72	9,04
9,14	0,73	9,14
9,24	0,74	9,24
9,34	0,75	9,34
9,43	0,76	9,43
9,52	0,78	9,52
9,63	0,79	9,63
9,72	0,80	9,72
9,81	0,82	9,81
9,90	0,84	9,90
9,99	0,86	9,99
10,08	0,88	10,08
10,17	0,91	10,17
10,26	0,94	10,26
10,33	0,97	10,33
10,44	1,00	10,44
10,51	1,05	10,51
10,60	1,09	10,60
10,68	1,14	10,68
10,75	1,18	10,75
10,83	1,22	10,83
10,90	1,26	10,90
10,99	1,29	10,99
11,07	1,33	11,07
11,15	1,35	11,15
11,22	1,37	11,22
11,30	1,39	11,30
11,36	1,41	11,36
11,45	1,42	11,45
11,51	1,43	11,51
11,58	1,43	11,58
11,64	1,44	11,64
11,70	1,44	11,70
11,78	1,44	11,78
11,84	1,44	11,84
11,91	1,44	11,91
11,99	1,44	11,99
12,05	1,44	12,05
12,11	1,44	12,11
12,15	1,45	12,15
12,23	1,45	12,23
12,29	1,46	12,29
12,35	1,46	12,35
12,41	1,46	12,41
12,47	1,47	12,47
12,53	1,47	12,53
12,59	1,48	12,59
12,63	1,49	12,63
12,69	1,49	12,69
12,75	1,50	12,75
12,81	1,51	12,81
12,86	1,51	12,86
12,92	1,52	12,92
12,97	1,53	12,97
13,03	1,54	13,03
13,07	1,55	13,07
13,12	1,56	13,12
13,16	1,57	13,16
13,22	1,57	13,22
13,27	1,59	13,27
13,33	1,59	13,33
13,37	1,61	13,37
13,42	1,61	13,42
13,46	1,62	13,46
13,51	1,63	13,51
13,55	1,64	13,55
13,60	1,65	13,60
13,64	1,67	13,64
13,69	1,68	13,69
13,73	1,69	13,73
13,78	1,70	13,78
13,81	1,71	13,81
13,85	1,72	13,85
13,90	1,73	13,90
13,94	1,74	13,94
13,97	1,75	13,97
14,02	1,76	14,02
14,06	1,78	14,06
14,09	1,78	14,09
14,12	1,80	14,12
14,18	1,81	14,18
14,21	1,82	14,21
14,24	1,83	14,24
14,29	1,85	14,29
14,32	1,86	14,32
14,36	1,87	14,36
14,39	1,88	14,39
14,42	1,90	14,42
14,47	1,91	14,47
14,50	1,92	14,50
14,53	1,94	14,53
14,56	1,95	14,56
14,60	1,97	14,60
14,63	1,99	14,63
14,67	2,00	14,67
14,70	2,02	14,70
14,73	2,05	14,73
14,76	2,07	14,76
14,77	2,09	14,77
14,82	2,11	14,82
14,85	2,14	14,85
14,88	2,16	14,88
14,91	2,19	14,91
14,92	2,22	14,92
14,95	2,25	14,95
14,98	2,28	14,98
15,01	2,31	15,01
15,04	2,34	15,04
15,07	2,37	15,07
15,09	2,40	15,09
15,12	2,43	15,12
15,15	2,46	15,15
15,18	2,49	15,18
15,19	2,52	15,19
15,24	2,55	15,24
15,25	2,58	15,25
15,28	2,61	15,28
15,31	2,64	15,31
15,33	2,66	15,33
15,36	2,68	15,36
15,37	2,71	15,37
15,39	2,74	15,39
15,42	2,77	15,42
15,45	2,80	15,45
15,46	2,82	15,46
15,49	2,85	15,49
15,51	2,87	15,51
15,54	2,90	15,54
15,55	2,92	15,55
15,57	2,94	15,57
15,60	2,96	15,60
15,61	2,98	15,61
15,64	3,00	15,64
15,66	3,01	15,66
15,67	3,03	15,67
15,69	3,04	15,69
15,72	3,05	15,72
15,73	3,07	15,73
15,75	3,08	15,75
15,76	3,09	15,76
15,79	3,10	15,79
15,81	3,10	15,81
15,82	3,11	15,82
15,84	3,11	15,84
15,85	3,12	15,85
15,88	3,12	15,88
15,90	3,12	15,90
15,91	3,13	15,91
15,93	3,13	15,93
15,94	3,13	15,94
15,96	3,13	15,96
15,99	3,14	15,99
16,00	3,14	16,00
16,02	3,14	16,02
16,05	3,14	16,05
16,06	3,14	16,06
16,08	3,14	16,08
16,09	3,14	16,09
16,12	3,14	16,12
16,14	3,14	16,14
16,15	3,14	16,15
16,18	3,14	16,18
16,20	3,14	16,20
16,21	3,14	16,21
16,23	3,14	16,23
16,24	3,14	16,24
16,26	3,14	16,26
16,27	3,14	16,27
16,29	3,14	16,29
16,30	3,14	16,30
16,32	3,14	16,32
16,35	3,14	16,35
16,36	3,14	16,36
16,39	3,13	16,39
16,41	3,13	16,41
16,42	3,13	16,42
16,44	3,13	16,44
16,45	3,13	16,45
16,47	3,13	16,47
16,48	3,13	16,48
16,50	3,13	16,50
16,52	3,14	16,52
16,53	3,14	16,53
16,55	3,14	16,55
16,56	3,14	16,56
16,58	3,14	16,58
16,59	3,14	16,59
16,61	3,14	16,61
16,62	3,14	16,62
16,64	3,14	16,64
16,65	3,15	16,65
16,67	3,15	16,67
16,68	3,16	16,68
16,70	3,16	16,70
16,71	3,16	16,71
16,73	3,17	16,73
16,74	3,17	16,74
16,76	3,17	16,76
16,77	3,17	16,77
16,79	3,17	16,79
16,80	3,17	16,80
16,82	3,17	16,82
16,83	3,17	16,83
16,85	3,17	16,85
16,86	3,17	16,86
16,88	3,17	16,88
16,89	3,17	16,89
16,91	3,18	16,91
16,92	3,18	16,92
16,94	3,18	16,94
16,95	3,18	16,95
16,97	3,18	16,97
16,98	3,19	16,98
17,00	3,19	17,00
17,01	3,19	17,01
17,03	3,19	17,03
17,04	3,20	17,04
17,06	3,20	17,06
17,07	3,20	17,07
17,09	3,21	17,09
17,10	3,21	17,10
17,12	3,20	17,12
17,13	3,20	17,13
17,15	3,20	17,15
17,16	3,20	17,16
17,18	3,21	17,18
17,19	3,22	17,19
17,21	3,22	17,21
17,22	3,23	17,22
17,24	3,24	17,24
17,25	3,23	17,25
17,27	3,22	17,27
17,28	3,21	17,28
17,30	3,20	17,30
17,31	3,20	17,31
17,33	3,27	17,33
17,34	3,24	17,34
17,36	3,17	17,36
