Analógico 2	Analógico 1	Analógico 2
U2/V	U1/V	U2/V

0,02	0,14	0,02
0,03	0,13	0,03
0,12	0,14	0,12
0,30	0,14	0,30
0,50	0,14	0,50
0,68	0,14	0,68
0,87	0,14	0,87
1,05	0,14	1,05
1,23	0,15	1,23
1,43	0,15	1,43
1,61	0,16	1,61
1,79	0,16	1,79
1,96	0,17	1,96
2,14	0,18	2,14
2,30	0,19	2,30
2,47	0,20	2,47
2,63	0,20	2,63
2,80	0,21	2,80
2,96	0,22	2,96
3,13	0,23	3,13
3,28	0,24	3,28
3,43	0,24	3,43
3,58	0,25	3,58
3,73	0,26	3,73
3,88	0,27	3,88
4,03	0,28	4,03
4,17	0,29	4,17
4,32	0,30	4,32
4,45	0,31	4,45
4,60	0,32	4,60
4,74	0,33	4,74
4,87	0,34	4,87
5,01	0,35	5,01
5,14	0,35	5,14
5,26	0,36	5,26
5,40	0,37	5,40
5,52	0,38	5,52
5,66	0,40	5,66
5,78	0,41	5,78
5,90	0,42	5,90
6,02	0,42	6,02
6,14	0,43	6,14
6,26	0,45	6,26
6,38	0,45	6,38
6,50	0,46	6,50
6,60	0,48	6,60
6,71	0,49	6,71
6,83	0,50	6,83
6,93	0,51	6,93
7,04	0,52	7,04
7,14	0,53	7,14
7,25	0,54	7,25
7,36	0,55	7,36
7,46	0,56	7,46
7,57	0,57	7,57
7,66	0,58	7,66
7,75	0,59	7,75
7,85	0,60	7,85
7,96	0,61	7,96
8,05	0,62	8,05
8,14	0,63	8,14
8,24	0,64	8,24
8,33	0,65	8,33
8,42	0,66	8,42
8,51	0,67	8,51
8,59	0,68	8,59
8,68	0,68	8,68
8,75	0,70	8,75
8,84	0,71	8,84
8,93	0,71	8,93
9,02	0,73	9,02
9,08	0,73	9,08
9,18	0,75	9,18
9,25	0,76	9,25
9,34	0,77	9,34
9,42	0,78	9,42
9,48	0,79	9,48
9,57	0,80	9,57
9,64	0,81	9,64
9,72	0,82	9,72
9,79	0,83	9,79
9,87	0,84	9,87
9,93	0,85	9,93
10,00	0,86	10,00
10,08	0,87	10,08
10,14	0,88	10,14
10,20	0,89	10,20
10,27	0,90	10,27
10,33	0,91	10,33
10,39	0,92	10,39
10,47	0,93	10,47
10,54	0,94	10,54
10,60	0,94	10,60
10,65	0,95	10,65
10,71	0,96	10,71
10,78	0,97	10,78
10,83	0,98	10,83
10,90	0,99	10,90
10,95	1,00	10,95
11,01	1,01	11,01
11,07	1,01	11,07
11,13	1,02	11,13
11,18	1,03	11,18
11,24	1,04	11,24
11,30	1,05	11,30
11,36	1,06	11,36
11,40	1,06	11,40
11,46	1,07	11,46
11,51	1,08	11,51
11,57	1,09	11,57
11,61	1,09	11,61
11,66	1,10	11,66
11,70	1,11	11,70
11,75	1,12	11,75
11,79	1,13	11,79
11,85	1,13	11,85
11,88	1,14	11,88
11,94	1,15	11,94
11,99	1,16	11,99
12,03	1,16	12,03
12,06	1,17	12,06
12,11	1,18	12,11
12,17	1,19	12,17
12,21	1,19	12,21
12,24	1,20	12,24
12,29	1,21	12,29
12,32	1,22	12,32
12,38	1,22	12,38
12,41	1,23	12,41
12,45	1,24	12,45
12,48	1,24	12,48
12,54	1,25	12,54
12,57	1,26	12,57
12,60	1,27	12,60
12,65	1,27	12,65
12,68	1,28	12,68
12,72	1,29	12,72
12,75	1,29	12,75
12,80	1,30	12,80
12,83	1,31	12,83
12,86	1,32	12,86
12,89	1,32	12,89
12,92	1,33	12,92
12,97	1,33	12,97
13,00	1,34	13,00
13,03	1,34	13,03
13,07	1,35	13,07
13,10	1,36	13,10
13,13	1,36	13,13
13,16	1,37	13,16
13,19	1,37	13,19
13,22	1,38	13,22
13,25	1,38	13,25
13,28	1,39	13,28
13,31	1,40	13,31
13,34	1,40	13,34
13,37	1,41	13,37
13,40	1,41	13,40
13,43	1,42	13,43
13,45	1,43	13,45
13,48	1,43	13,48
13,51	1,44	13,51
13,54	1,44	13,54
13,55	1,45	13,55
13,58	1,46	13,58
13,61	1,46	13,61
13,64	1,47	13,64
13,66	1,47	13,66
13,67	1,48	13,67
13,72	1,48	13,72
13,75	1,49	13,75
13,76	1,49	13,76
13,79	1,50	13,79
13,81	1,50	13,81
13,82	1,51	13,82
13,85	1,51	13,85
13,88	1,52	13,88
13,90	1,53	13,90
13,91	1,53	13,91
13,94	1,53	13,94
13,96	1,54	13,96
13,99	1,54	13,99
14,02	1,55	14,02
14,03	1,55	14,03
14,05	1,56	14,05
14,06	1,56	14,06
14,09	1,57	14,09
14,11	1,57	14,11
14,12	1,58	14,12
14,14	1,58	14,14
14,15	1,59	14,15
14,18	1,59	14,18
14,21	1,60	14,21
14,23	1,60	14,23
14,26	1,60	14,26
14,27	1,61	14,27
14,30	1,61	14,30
14,32	1,62	14,32
14,35	1,61	14,35
14,38	1,56	14,38
14,39	1,55	14,39
14,41	1,54	14,41
14,42	1,54	14,42
14,45	1,54	14,45
14,47	1,53	14,47
14,48	1,53	14,48
14,50	1,53	14,50
14,51	1,52	14,51
14,54	1,52	14,54
14,57	1,51	14,57
14,59	1,51	14,59
14,60	1,51	14,60
14,62	1,51	14,62
14,63	1,51	14,63
14,65	1,51	14,65
14,67	1,51	14,67
14,68	1,51	14,68
14,70	1,51	14,70
14,71	1,52	14,71
14,73	1,52	14,73
14,74	1,52	14,74
14,76	1,52	14,76
14,79	1,52	14,79
14,80	1,53	14,80
14,82	1,53	14,82
14,83	1,53	14,83
14,85	1,53	14,85
14,86	1,54	14,86
14,88	1,54	14,88
14,89	1,54	14,89
14,91	1,54	14,91
14,92	1,54	14,92
14,94	1,55	14,94
14,95	1,55	14,95
14,97	1,55	14,97
14,98	1,55	14,98
15,00	1,55	15,00
15,01	1,56	15,01
15,03	1,56	15,03
15,04	1,56	15,04
15,06	1,56	15,06
15,07	1,56	15,07
15,09	1,56	15,09
15,10	1,56	15,10
15,12	1,57	15,12
15,13	1,57	15,13
15,15	1,57	15,15
15,16	1,57	15,16
15,18	1,57	15,18
15,19	1,58	15,19
15,21	1,58	15,21
15,22	1,58	15,22
15,24	1,58	15,24
15,25	1,59	15,25
15,27	1,60	15,27
15,28	1,60	15,28
15,30	1,60	15,30
15,31	1,60	15,31
15,33	1,61	15,33
15,34	1,62	15,34
15,36	1,62	15,36
15,37	1,62	15,37
15,39	1,63	15,39
15,40	1,63	15,40
15,42	1,64	15,42
15,43	1,64	15,43
15,45	1,65	15,45
15,46	1,65	15,46
15,48	1,66	15,48
15,49	1,67	15,49
15,51	1,67	15,51
15,52	1,67	15,52
15,54	1,68	15,54
15,55	1,68	15,55
15,57	1,69	15,57
15,58	1,69	15,58
15,60	1,69	15,60
15,61	1,70	15,61
15,63	1,71	15,63
15,64	1,72	15,64
15,66	1,72	15,66
15,67	1,72	15,67
15,69	1,73	15,69
15,70	1,73	15,70
15,72	1,74	15,72
15,73	1,74	15,73
15,75	1,75	15,75
15,76	1,75	15,76
15,78	1,75	15,78
15,79	1,76	15,79
