Analógico 2	Analógico 1	Analógico 2
U2/V	U1/V	U2/V

0,30	0,11	0,30
0,39	0,11	0,39
0,51	0,11	0,51
0,68	0,11	0,68
0,83	0,11	0,83
1,01	0,11	1,01
1,14	0,11	1,14
1,29	0,12	1,29
1,44	0,12	1,44
1,59	0,12	1,59
1,76	0,12	1,76
1,90	0,13	1,90
2,03	0,13	2,03
2,18	0,13	2,18
2,33	0,14	2,33
2,48	0,15	2,48
2,63	0,15	2,63
2,80	0,16	2,80
2,95	0,17	2,95
3,08	0,18	3,08
3,22	0,19	3,22
3,37	0,20	3,37
3,52	0,22	3,52
3,65	0,23	3,65
3,81	0,25	3,81
3,93	0,27	3,93
4,06	0,28	4,06
4,21	0,30	4,21
4,33	0,32	4,33
4,47	0,33	4,47
4,60	0,34	4,60
4,72	0,35	4,72
4,84	0,36	4,84
4,96	0,36	4,96
5,10	0,36	5,10
5,20	0,35	5,20
5,34	0,35	5,34
5,44	0,34	5,44
5,57	0,34	5,57
5,67	0,33	5,67
5,81	0,33	5,81
5,90	0,33	5,90
6,02	0,33	6,02
6,12	0,33	6,12
6,23	0,33	6,23
6,33	0,33	6,33
6,45	0,34	6,45
6,54	0,34	6,54
6,65	0,35	6,65
6,75	0,36	6,75
6,84	0,38	6,84
6,95	0,39	6,95
7,04	0,40	7,04
7,13	0,42	7,13
7,23	0,43	7,23
7,32	0,45	7,32
7,42	0,47	7,42
7,51	0,49	7,51
7,60	0,51	7,60
7,69	0,53	7,69
7,78	0,55	7,78
7,87	0,57	7,87
7,94	0,59	7,94
8,03	0,62	8,03
8,11	0,64	8,11
8,18	0,66	8,18
8,27	0,68	8,27
8,36	0,70	8,36
8,44	0,73	8,44
8,51	0,75	8,51
8,59	0,78	8,59
8,66	0,80	8,66
8,74	0,83	8,74
8,81	0,85	8,81
8,89	0,87	8,89
8,96	0,89	8,96
9,04	0,91	9,04
9,10	0,92	9,10
9,16	0,93	9,16
9,25	0,94	9,25
9,31	0,94	9,31
9,39	0,94	9,39
9,45	0,93	9,45
9,51	0,92	9,51
9,58	0,91	9,58
9,64	0,90	9,64
9,70	0,88	9,70
9,76	0,87	9,76
9,82	0,85	9,82
9,88	0,83	9,88
9,94	0,81	9,94
10,00	0,80	10,00
10,06	0,79	10,06
10,12	0,77	10,12
10,18	0,76	10,18
10,24	0,75	10,24
10,29	0,75	10,29
10,35	0,74	10,35
10,39	0,73	10,39
10,45	0,72	10,45
10,51	0,72	10,51
10,56	0,73	10,56
10,62	0,73	10,62
10,66	0,73	10,66
10,71	0,74	10,71
10,77	0,74	10,77
10,81	0,75	10,81
10,86	0,76	10,86
10,92	0,77	10,92
10,96	0,78	10,96
11,01	0,79	11,01
11,06	0,80	11,06
11,10	0,81	11,10
11,15	0,82	11,15
11,19	0,83	11,19
11,24	0,85	11,24
11,28	0,86	11,28
11,31	0,87	11,31
11,36	0,88	11,36
11,40	0,90	11,40
11,43	0,91	11,43
11,49	0,93	11,49
11,52	0,94	11,52
11,57	0,96	11,57
11,61	0,97	11,61
11,64	0,98	11,64
11,69	1,00	11,69
11,72	1,01	11,72
11,75	1,03	11,75
11,79	1,04	11,79
11,82	1,05	11,82
11,87	1,07	11,87
11,90	1,08	11,90
11,94	1,10	11,94
11,99	1,11	11,99
12,02	1,13	12,02
12,05	1,14	12,05
12,08	1,16	12,08
12,11	1,18	12,11
12,14	1,19	12,14
12,18	1,21	12,18
12,21	1,22	12,21
12,24	1,24	12,24
12,27	1,25	12,27
12,30	1,27	12,30
12,33	1,28	12,33
12,36	1,30	12,36
12,39	1,31	12,39
12,42	1,33	12,42
12,45	1,34	12,45
12,48	1,36	12,48
12,50	1,37	12,50
12,54	1,39	12,54
12,56	1,40	12,56
12,59	1,42	12,59
12,62	1,43	12,62
12,63	1,44	12,63
12,68	1,46	12,68
12,69	1,48	12,69
12,72	1,49	12,72
12,74	1,50	12,74
12,78	1,52	12,78
12,80	1,54	12,80
12,83	1,55	12,83
12,85	1,57	12,85
12,88	1,58	12,88
12,91	1,60	12,91
12,92	1,61	12,92
12,94	1,63	12,94
12,97	1,64	12,97
13,00	1,66	13,00
13,01	1,67	13,01
13,04	1,69	13,04
13,06	1,70	13,06
13,07	1,72	13,07
13,12	1,73	13,12
13,15	1,75	13,15
13,16	1,77	13,16
13,18	1,78	13,18
13,21	1,80	13,21
13,22	1,81	13,22
13,24	1,82	13,24
13,27	1,84	13,27
13,28	1,85	13,28
13,30	1,86	13,30
13,33	1,88	13,33
13,34	1,89	13,34
13,36	1,90	13,36
13,37	1,91	13,37
13,39	1,93	13,39
13,42	1,94	13,42
13,43	1,95	13,43
13,45	1,96	13,45
13,46	1,97	13,46
13,48	1,98	13,48
13,49	1,99	13,49
13,52	2,00	13,52
13,54	2,01	13,54
13,55	2,02	13,55
13,57	2,04	13,57
13,60	2,04	13,60
13,61	2,06	13,61
13,63	2,07	13,63
13,64	2,08	13,64
13,67	2,08	13,67
13,69	2,10	13,69
13,70	2,10	13,70
13,72	2,10	13,72
13,73	2,11	13,73
13,75	2,11	13,75
13,76	2,12	13,76
13,78	2,12	13,78
13,79	2,12	13,79
13,81	2,12	13,81
13,82	2,12	13,82
13,84	2,13	13,84
13,87	2,13	13,87
13,88	2,13	13,88
13,90	2,13	13,90
13,91	2,12	13,91
13,93	2,12	13,93
13,94	2,12	13,94
13,96	2,12	13,96
13,97	2,11	13,97
13,99	2,11	13,99
14,00	2,10	14,00
14,02	2,10	14,02
14,03	2,09	14,03
14,05	2,08	14,05
14,06	2,08	14,06
14,08	2,08	14,08
14,09	2,07	14,09
14,11	2,06	14,11
14,12	2,05	14,12
14,14	2,04	14,14
14,15	2,02	14,15
14,17	2,02	14,17
14,18	2,01	14,18
14,20	2,00	14,20
14,21	1,99	14,21
14,23	1,97	14,23
14,24	1,97	14,24
14,26	1,96	14,26
14,27	1,95	14,27
14,29	1,94	14,29
14,30	1,93	14,30
14,32	1,91	14,32
14,33	1,90	14,33
14,35	1,89	14,35
14,36	1,89	14,36
14,38	1,89	14,38
14,39	1,90	14,39
14,41	1,90	14,41
14,42	1,90	14,42
14,44	1,89	14,44
14,45	1,88	14,45
14,47	1,87	14,47
14,48	1,86	14,48
14,50	1,85	14,50
14,51	1,84	14,51
14,53	1,84	14,53
14,54	1,83	14,54
14,56	1,82	14,56
14,57	1,82	14,57
14,59	1,82	14,59
14,60	1,81	14,60
14,62	1,81	14,62
14,63	1,80	14,63
14,65	1,80	14,65
14,67	1,80	14,67
14,68	1,80	14,68
14,70	1,80	14,70
14,71	1,80	14,71
14,73	1,79	14,73
14,74	1,79	14,74
14,76	1,79	14,76
14,77	1,79	14,77
14,79	1,79	14,79
14,80	1,79	14,80
14,82	1,79	14,82
14,83	1,78	14,83
14,85	1,78	14,85
14,86	1,77	14,86
14,88	1,76	14,88
14,89	1,72	14,89
14,91	1,69	14,91
