Analógico 2	Analógico 1	Analógico 2
U2/V	U1/V	U2/V

0,33	0,06	0,33
0,35	0,05	0,35
0,48	0,06	0,48
0,66	0,05	0,66
0,86	0,06	0,86
1,05	0,06	1,05
1,23	0,06	1,23
1,41	0,06	1,41
1,59	0,07	1,59
1,77	0,07	1,77
1,96	0,07	1,96
2,12	0,07	2,12
2,30	0,08	2,30
2,48	0,08	2,48
2,66	0,08	2,66
2,84	0,08	2,84
3,02	0,09	3,02
3,20	0,09	3,20
3,38	0,09	3,38
3,55	0,10	3,55
3,73	0,10	3,73
3,90	0,10	3,90
4,06	0,11	4,06
4,23	0,11	4,23
4,39	0,12	4,39
4,56	0,13	4,56
4,71	0,13	4,71
4,87	0,14	4,87
5,02	0,15	5,02
5,17	0,16	5,17
5,32	0,17	5,32
5,47	0,18	5,47
5,61	0,19	5,61
5,78	0,20	5,78
5,91	0,21	5,91
6,05	0,22	6,05
6,18	0,23	6,18
6,33	0,24	6,33
6,47	0,24	6,47
6,60	0,24	6,60
6,72	0,23	6,72
6,86	0,24	6,86
6,99	0,23	6,99
7,11	0,23	7,11
7,23	0,23	7,23
7,37	0,22	7,37
7,49	0,22	7,49
7,61	0,22	7,61
7,73	0,22	7,73
7,85	0,22	7,85
7,97	0,23	7,97
8,08	0,23	8,08
8,18	0,24	8,18
8,30	0,24	8,30
8,41	0,25	8,41
8,53	0,26	8,53
8,63	0,27	8,63
8,74	0,27	8,74
8,84	0,28	8,84
8,95	0,29	8,95
9,05	0,31	9,05
9,14	0,32	9,14
9,24	0,33	9,24
9,34	0,34	9,34
9,43	0,36	9,43
9,55	0,37	9,55
9,64	0,39	9,64
9,73	0,40	9,73
9,82	0,42	9,82
9,91	0,44	9,91
10,00	0,45	10,00
10,09	0,47	10,09
10,18	0,48	10,18
10,26	0,50	10,26
10,36	0,52	10,36
10,44	0,53	10,44
10,51	0,54	10,51
10,60	0,55	10,60
10,69	0,56	10,69
10,77	0,57	10,77
10,84	0,57	10,84
10,92	0,57	10,92
10,99	0,56	10,99
11,07	0,56	11,07
11,16	0,55	11,16
11,24	0,54	11,24
11,30	0,53	11,30
11,37	0,52	11,37
11,45	0,51	11,45
11,51	0,50	11,51
11,58	0,50	11,58
11,66	0,49	11,66
11,72	0,48	11,72
11,79	0,48	11,79
11,87	0,47	11,87
11,93	0,46	11,93
11,99	0,46	11,99
12,06	0,46	12,06
12,12	0,46	12,12
12,18	0,46	12,18
12,24	0,46	12,24
12,30	0,47	12,30
12,36	0,47	12,36
12,42	0,47	12,42
12,48	0,48	12,48
12,54	0,48	12,54
12,60	0,49	12,60
12,65	0,50	12,65
12,71	0,51	12,71
12,77	0,51	12,77
12,83	0,52	12,83
12,88	0,53	12,88
12,94	0,54	12,94
13,00	0,55	13,00
13,04	0,55	13,04
13,09	0,56	13,09
13,13	0,57	13,13
13,19	0,58	13,19
13,24	0,59	13,24
13,30	0,60	13,30
13,34	0,61	13,34
13,39	0,62	13,39
13,43	0,62	13,43
13,48	0,63	13,48
13,52	0,64	13,52
13,58	0,65	13,58
13,61	0,66	13,61
13,67	0,67	13,67
13,70	0,68	13,70
13,75	0,69	13,75
13,79	0,69	13,79
13,84	0,70	13,84
13,88	0,72	13,88
13,93	0,73	13,93
13,96	0,74	13,96
14,00	0,74	14,00
14,03	0,75	14,03
14,08	0,76	14,08
14,12	0,78	14,12
14,15	0,78	14,15
14,20	0,79	14,20
14,23	0,81	14,23
14,27	0,82	14,27
14,30	0,82	14,30
14,33	0,83	14,33
14,38	0,84	14,38
14,41	0,85	14,41
14,45	0,86	14,45
14,48	0,87	14,48
14,53	0,88	14,53
14,54	0,89	14,54
14,59	0,90	14,59
14,62	0,91	14,62
14,65	0,92	14,65
14,68	0,93	14,68
14,73	0,94	14,73
14,76	0,95	14,76
14,79	0,96	14,79
14,82	0,97	14,82
14,85	0,98	14,85
14,88	0,99	14,88
14,91	0,99	14,91
14,94	1,00	14,94
14,97	1,01	14,97
15,00	1,02	15,00
15,01	1,02	15,01
15,04	1,03	15,04
15,07	1,04	15,07
15,10	1,04	15,10
15,12	1,05	15,12
15,15	1,05	15,15
15,18	1,06	15,18
15,19	1,07	15,19
15,24	1,07	15,24
15,25	1,07	15,25
15,27	1,07	15,27
15,30	1,08	15,30
15,33	1,08	15,33
15,34	1,08	15,34
15,37	1,08	15,37
15,40	1,08	15,40
15,43	1,08	15,43
15,45	1,08	15,45
15,48	1,07	15,48
15,49	1,07	15,49
15,51	1,07	15,51
15,54	1,07	15,54
15,57	1,07	15,57
15,58	1,06	15,58
15,60	1,05	15,60
15,63	1,05	15,63
15,64	1,04	15,64
15,66	1,04	15,66
15,67	1,03	15,67
15,70	1,03	15,70
15,73	1,02	15,73
15,76	1,01	15,76
15,79	1,01	15,79
15,81	1,00	15,81
15,82	1,00	15,82
15,84	0,99	15,84
15,85	0,98	15,85
15,87	0,97	15,87
15,90	0,97	15,90
15,93	0,96	15,93
15,94	0,95	15,94
15,96	0,95	15,96
15,99	0,94	15,99
16,00	0,93	16,00
16,03	0,93	16,03
16,05	0,92	16,05
16,06	0,92	16,06
16,08	0,91	16,08
16,11	0,91	16,11
16,12	0,90	16,12
16,14	0,90	16,14
16,15	0,89	16,15
16,17	0,89	16,17
16,18	0,89	16,18
16,20	0,88	16,20
16,21	0,88	16,21
16,23	0,88	16,23
16,24	0,87	16,24
16,27	0,87	16,27
16,29	0,87	16,29
16,30	0,86	16,30
16,32	0,86	16,32
16,33	0,86	16,33
16,35	0,86	16,35
16,36	0,86	16,36
16,38	0,86	16,38
16,39	0,86	16,39
16,41	0,86	16,41
16,42	0,86	16,42
16,44	0,86	16,44
16,45	0,86	16,45
16,47	0,86	16,47
16,48	0,85	16,48
16,50	0,85	16,50
16,52	0,85	16,52
16,53	0,85	16,53
16,55	0,85	16,55
16,56	0,86	16,56
16,58	0,86	16,58
16,61	0,86	16,61
16,62	0,86	16,62
16,64	0,86	16,64
16,65	0,87	16,65
16,67	0,87	16,67
16,68	0,87	16,68
16,70	0,87	16,70
16,71	0,87	16,71
16,73	0,88	16,73
16,74	0,88	16,74
16,76	0,88	16,76
16,77	0,88	16,77
16,79	0,88	16,79
16,80	0,89	16,80
16,82	0,89	16,82
16,83	0,89	16,83
16,85	0,90	16,85
16,86	0,90	16,86
16,88	0,90	16,88
16,89	0,91	16,89
16,91	0,91	16,91
16,92	0,92	16,92
16,94	0,92	16,94
16,95	0,92	16,95
16,97	0,93	16,97
16,98	0,93	16,98
17,00	0,94	17,00
17,01	0,94	17,01
17,03	0,95	17,03
17,04	0,96	17,04
17,06	0,96	17,06
17,07	0,97	17,07
17,09	0,97	17,09
17,10	0,98	17,10
17,12	0,99	17,12
17,13	0,99	17,13
17,15	1,01	17,15
17,16	1,02	17,16
17,18	1,02	17,18
17,19	1,03	17,19
17,21	1,02	17,21
17,22	1,02	17,22
17,24	1,01	17,24
17,25	1,02	17,25
17,27	1,02	17,27
17,28	1,03	17,28
17,30	1,04	17,30
17,31	1,05	17,31
17,33	1,06	17,33
17,34	1,07	17,34
17,36	1,09	17,36
17,37	1,10	17,37
